0.51334 3 1 4 3 1430 608000
0.53334 3 1 4 3 1430 608000
0.55334 3 1 4 3 1430 608000
0.57334 3 1 4 3 1430 608000
0.59334 3 1 4 3 1430 608000
0.61334 3 1 4 3 1430 608000
0.63334 3 1 4 3 1430 608000
0.65334 3 1 4 3 1430 608000
0.67334 3 1 4 3 1430 608000
0.69334 3 1 4 3 1430 608000
0.71334 3 1 4 3 1430 608000
0.73334 3 1 4 3 1430 608000
0.75334 3 1 4 3 1430 608000
0.77334 3 1 4 3 1430 608000
0.79334 3 1 4 3 1430 608000
0.81334 3 1 4 3 1430 608000
0.83334 3 1 4 3 1430 608000
0.85334 3 1 4 3 1430 608000
0.87334 3 1 4 3 1430 608000
0.89334 3 1 4 3 1430 608000
0.91334 3 1 4 3 1430 608000
0.93334 3 1 4 3 1430 608000
0.95334 3 1 4 3 1430 608000
0.97334 3 1 4 3 1430 608000
0.99334 3 1 4 3 1430 608000
1.01334 3 1 4 3 1430 608000
1.03334 3 1 4 3 1430 608000
1.05334 3 1 4 3 1430 608000
1.07334 3 1 4 3 1430 608000
1.09334 3 1 4 3 1430 608000
1.11334 3 1 4 3 1430 608000
1.13334 3 1 4 3 1430 608000
1.15334 3 1 4 3 1430 608000
1.17334 3 1 4 3 1430 608000
1.19334 3 1 4 3 1430 608000
