0.065016 1 1 1 3 94 599842
0.334816 1 1 1 3 94 703836
0.511932 1 1 1 3 1442 930710
0.531932 1 1 1 3 1442 930710
0.551932 1 1 1 3 1442 930710
0.571932 1 1 1 3 1442 930710
0.591932 1 1 1 3 1442 930710
0.611932 1 1 1 3 1442 930710
0.631932 1 1 1 3 1442 930710
0.651932 1 1 1 3 1442 930710
0.671932 1 1 1 3 1442 930710
0.691932 1 1 1 3 1442 930710
0.711932 1 1 1 3 1442 930710
0.731932 1 1 1 3 1442 930710
0.751932 1 1 1 3 1442 930710
0.771932 1 1 1 3 1442 930710
0.791932 1 1 1 3 1442 930710
0.811932 1 1 1 3 1442 930710
0.831932 1 1 1 3 1442 930710
0.851932 1 1 1 3 1442 930710
0.871932 1 1 1 3 1442 930710
0.891932 1 1 1 3 1442 930710
0.911932 1 1 1 3 1442 930710
0.931932 1 1 1 3 1442 930710
0.951932 1 1 1 3 1442 930710
0.971932 1 1 1 3 1442 930710
0.991932 1 1 1 3 1442 930710
1.01193 1 1 1 3 1442 930710
1.03193 1 1 1 3 1442 930710
1.05193 1 1 1 3 1442 930710
1.07193 1 1 1 3 1442 930710
1.09193 1 1 1 3 1442 930710
1.11193 1 1 1 3 1442 930710
1.13193 1 1 1 3 1442 930710
1.15193 1 1 1 3 1442 930710
1.17193 1 1 1 3 1442 930710
1.19193 1 1 1 3 1442 930710
