0.335416 2 1 2 3 94 600000
0.512732 2 1 2 3 1442 800000
0.532732 2 1 2 3 1442 800000
0.552732 2 1 2 3 1442 800000
0.572732 2 1 2 3 1442 800000
0.592732 2 1 2 3 1442 800000
0.612732 2 1 2 3 1442 800000
0.632732 2 1 2 3 1442 800000
0.652732 2 1 2 3 1442 800000
0.672732 2 1 2 3 1442 800000
0.692732 2 1 2 3 1442 800000
0.712732 2 1 2 3 1442 800000
0.732732 2 1 2 3 1442 800000
0.752732 2 1 2 3 1442 800000
0.772732 2 1 2 3 1442 800000
0.792732 2 1 2 3 1442 800000
0.812732 2 1 2 3 1442 800000
0.832732 2 1 2 3 1442 800000
0.852732 2 1 2 3 1442 800000
0.872732 2 1 2 3 1442 800000
0.892732 2 1 2 3 1442 800000
0.912732 2 1 2 3 1442 800000
0.932732 2 1 2 3 1442 800000
0.952732 2 1 2 3 1442 800000
0.972732 2 1 2 3 1442 800000
0.992732 2 1 2 3 1442 800000
1.01273 2 1 2 3 1442 800000
1.03273 2 1 2 3 1442 800000
1.05273 2 1 2 3 1442 800000
1.07273 2 1 2 3 1442 800000
1.09273 2 1 2 3 1442 800000
1.11273 2 1 2 3 1442 800000
1.13273 2 1 2 3 1442 800000
1.15273 2 1 2 3 1442 800000
1.17273 2 1 2 3 1442 800000
1.19273 2 1 2 3 1442 800000
