0.065016 1 1 1 3 94 599842
0.334816 1 1 1 3 94 703836
0.335416 2 1 2 3 94 600000
0.511932 1 1 1 3 1442 930710
0.512732 2 1 2 3 1442 800000
0.51334 3 1 4 3 1430 608000
0.531932 1 1 1 3 1442 930710
0.532732 2 1 2 3 1442 800000
0.53334 3 1 4 3 1430 608000
0.551932 1 1 1 3 1442 930710
0.552732 2 1 2 3 1442 800000
0.55334 3 1 4 3 1430 608000
0.571932 1 1 1 3 1442 930710
0.572732 2 1 2 3 1442 800000
0.57334 3 1 4 3 1430 608000
0.591932 1 1 1 3 1442 930710
0.592732 2 1 2 3 1442 800000
0.59334 3 1 4 3 1430 608000
0.611932 1 1 1 3 1442 930710
0.612732 2 1 2 3 1442 800000
0.61334 3 1 4 3 1430 608000
0.631932 1 1 1 3 1442 930710
0.632732 2 1 2 3 1442 800000
0.63334 3 1 4 3 1430 608000
0.651932 1 1 1 3 1442 930710
0.652732 2 1 2 3 1442 800000
0.65334 3 1 4 3 1430 608000
0.671932 1 1 1 3 1442 930710
0.672732 2 1 2 3 1442 800000
0.67334 3 1 4 3 1430 608000
0.691932 1 1 1 3 1442 930710
0.692732 2 1 2 3 1442 800000
0.69334 3 1 4 3 1430 608000
0.711932 1 1 1 3 1442 930710
0.712732 2 1 2 3 1442 800000
0.71334 3 1 4 3 1430 608000
0.731932 1 1 1 3 1442 930710
0.732732 2 1 2 3 1442 800000
0.73334 3 1 4 3 1430 608000
0.751932 1 1 1 3 1442 930710
0.752732 2 1 2 3 1442 800000
0.75334 3 1 4 3 1430 608000
0.771932 1 1 1 3 1442 930710
0.772732 2 1 2 3 1442 800000
0.77334 3 1 4 3 1430 608000
0.791932 1 1 1 3 1442 930710
0.792732 2 1 2 3 1442 800000
0.79334 3 1 4 3 1430 608000
0.811932 1 1 1 3 1442 930710
0.812732 2 1 2 3 1442 800000
0.81334 3 1 4 3 1430 608000
0.831932 1 1 1 3 1442 930710
0.832732 2 1 2 3 1442 800000
0.83334 3 1 4 3 1430 608000
0.851932 1 1 1 3 1442 930710
0.852732 2 1 2 3 1442 800000
0.85334 3 1 4 3 1430 608000
0.871932 1 1 1 3 1442 930710
0.872732 2 1 2 3 1442 800000
0.87334 3 1 4 3 1430 608000
0.891932 1 1 1 3 1442 930710
0.892732 2 1 2 3 1442 800000
0.89334 3 1 4 3 1430 608000
0.911932 1 1 1 3 1442 930710
0.912732 2 1 2 3 1442 800000
0.91334 3 1 4 3 1430 608000
0.931932 1 1 1 3 1442 930710
0.932732 2 1 2 3 1442 800000
0.93334 3 1 4 3 1430 608000
0.951932 1 1 1 3 1442 930710
0.952732 2 1 2 3 1442 800000
0.95334 3 1 4 3 1430 608000
0.971932 1 1 1 3 1442 930710
0.972732 2 1 2 3 1442 800000
0.97334 3 1 4 3 1430 608000
0.991932 1 1 1 3 1442 930710
0.992732 2 1 2 3 1442 800000
0.99334 3 1 4 3 1430 608000
1.01193 1 1 1 3 1442 930710
1.01273 2 1 2 3 1442 800000
1.01334 3 1 4 3 1430 608000
1.03193 1 1 1 3 1442 930710
1.03273 2 1 2 3 1442 800000
1.03334 3 1 4 3 1430 608000
1.05193 1 1 1 3 1442 930710
1.05273 2 1 2 3 1442 800000
1.05334 3 1 4 3 1430 608000
1.07193 1 1 1 3 1442 930710
1.07273 2 1 2 3 1442 800000
1.07334 3 1 4 3 1430 608000
1.09193 1 1 1 3 1442 930710
1.09273 2 1 2 3 1442 800000
1.09334 3 1 4 3 1430 608000
1.11193 1 1 1 3 1442 930710
1.11273 2 1 2 3 1442 800000
1.11334 3 1 4 3 1430 608000
1.13193 1 1 1 3 1442 930710
1.13273 2 1 2 3 1442 800000
1.13334 3 1 4 3 1430 608000
1.15193 1 1 1 3 1442 930710
1.15273 2 1 2 3 1442 800000
1.15334 3 1 4 3 1430 608000
1.17193 1 1 1 3 1442 930710
1.17273 2 1 2 3 1442 800000
1.17334 3 1 4 3 1430 608000
1.19193 1 1 1 3 1442 930710
1.19273 2 1 2 3 1442 800000
1.19334 3 1 4 3 1430 608000
