0.003208 1 1 1 0 12 407999
0.003208 2 1 2 0 12 407999
0.003212 1 2 3 0 12 411999
0.034412 1 1 1 3 2 511999
0.035008 1 1 1 3 2 507999
0.036108 1 1 1 3 2 507999
0.065016 1 1 1 3 98 515999
0.066008 1 1 1 3 98 0
0.303208 3 1 4 0 12 407999
0.304008 2 1 2 3 2 507999
0.304708 1 1 1 3 2 507999
0.305116 2 1 2 3 2 515999
0.305808 1 1 1 3 2 507999
0.334816 1 1 1 3 98 615999
0.335416 2 1 2 3 98 515999
0.335808 1 1 1 3 98 0
0.336408 2 1 2 3 98 0
0.511748 1 1 1 3 564 647999
0.511848 1 1 1 3 564 647999
0.511932 1 1 1 3 326 631999
0.512552 2 1 2 3 564 551999
0.512652 2 1 2 3 564 551999
0.512732 2 1 2 3 326 531999
0.512908 1 1 1 3 564 0
0.513208 3 1 4 3 46 407999
0.513208 1 1 1 3 326 0
0.513292 3 1 4 3 1024 491999
0.51334 3 1 4 3 372 439999
0.513712 2 1 2 3 564 0
0.514008 2 1 2 3 326 0
0.514208 1 1 1 3 326 0
0.514308 3 1 4 3 372 0
0.515308 3 1 4 3 372 0
0.531748 1 1 1 3 564 647999
0.531848 1 1 1 3 564 647999
0.531932 1 1 1 3 326 631999
0.532552 2 1 2 3 564 551999
0.532652 2 1 2 3 564 551999
0.532732 2 1 2 3 326 531999
0.532908 1 1 1 3 564 0
0.533208 3 1 4 3 46 407999
0.533208 1 1 1 3 326 0
0.533292 3 1 4 3 1024 491999
0.53334 3 1 4 3 372 439999
0.533712 2 1 2 3 564 0
0.534008 2 1 2 3 326 0
0.534208 1 1 1 3 326 0
0.534308 3 1 4 3 372 0
0.535308 3 1 4 3 372 0
0.551748 1 1 1 3 564 647999
0.551848 1 1 1 3 564 647999
0.551932 1 1 1 3 326 631999
0.552552 2 1 2 3 564 551999
0.552652 2 1 2 3 564 551999
0.552732 2 1 2 3 326 531999
0.552908 1 1 1 3 564 0
0.553208 3 1 4 3 46 407999
0.553208 1 1 1 3 326 0
0.553292 3 1 4 3 1024 491999
0.55334 3 1 4 3 372 439999
0.553712 2 1 2 3 564 0
0.554008 2 1 2 3 326 0
0.554208 1 1 1 3 326 0
0.554308 3 1 4 3 372 0
0.555308 3 1 4 3 372 0
0.571748 1 1 1 3 564 647999
0.571848 1 1 1 3 564 647999
0.571932 1 1 1 3 326 631999
0.572552 2 1 2 3 564 551999
0.572652 2 1 2 3 564 551999
0.572732 2 1 2 3 326 531999
0.572908 1 1 1 3 564 0
0.573208 3 1 4 3 46 407999
0.573208 1 1 1 3 326 0
0.573292 3 1 4 3 1024 491999
0.57334 3 1 4 3 372 439999
0.573712 2 1 2 3 564 0
0.574008 2 1 2 3 326 0
0.574208 1 1 1 3 326 0
0.574308 3 1 4 3 372 0
0.575308 3 1 4 3 372 0
0.591748 1 1 1 3 564 647999
0.591848 1 1 1 3 564 647999
0.591932 1 1 1 3 326 631999
0.592552 2 1 2 3 564 551999
0.592652 2 1 2 3 564 551999
0.592732 2 1 2 3 326 531999
0.592908 1 1 1 3 564 0
0.593208 3 1 4 3 46 407999
0.593208 1 1 1 3 326 0
0.593292 3 1 4 3 1024 491999
0.59334 3 1 4 3 372 439999
0.593712 2 1 2 3 564 0
0.594008 2 1 2 3 326 0
0.594208 1 1 1 3 326 0
0.594308 3 1 4 3 372 0
0.595308 3 1 4 3 372 0
0.611748 1 1 1 3 564 647999
0.611848 1 1 1 3 564 647999
0.611932 1 1 1 3 326 631999
0.612552 2 1 2 3 564 551999
0.612652 2 1 2 3 564 551999
0.612732 2 1 2 3 326 531999
0.612908 1 1 1 3 564 0
0.613208 3 1 4 3 46 407999
0.613208 1 1 1 3 326 0
0.613292 3 1 4 3 1024 491999
0.61334 3 1 4 3 372 439999
0.613712 2 1 2 3 564 0
0.614008 2 1 2 3 326 0
0.614208 1 1 1 3 326 0
0.614308 3 1 4 3 372 0
0.615308 3 1 4 3 372 0
0.631748 1 1 1 3 564 647999
0.631848 1 1 1 3 564 647999
0.631932 1 1 1 3 326 631999
0.632552 2 1 2 3 564 551999
0.632652 2 1 2 3 564 551999
0.632732 2 1 2 3 326 531999
0.632908 1 1 1 3 564 0
0.633208 3 1 4 3 46 407999
0.633208 1 1 1 3 326 0
0.633292 3 1 4 3 1024 491999
0.63334 3 1 4 3 372 439999
0.633712 2 1 2 3 564 0
0.634008 2 1 2 3 326 0
0.634208 1 1 1 3 326 0
0.634308 3 1 4 3 372 0
0.635308 3 1 4 3 372 0
0.651748 1 1 1 3 564 647999
0.651848 1 1 1 3 564 647999
0.651932 1 1 1 3 326 631999
0.652552 2 1 2 3 564 551999
0.652652 2 1 2 3 564 551999
0.652732 2 1 2 3 326 531999
0.652908 1 1 1 3 564 0
0.653208 3 1 4 3 46 407999
0.653208 1 1 1 3 326 0
0.653292 3 1 4 3 1024 491999
0.65334 3 1 4 3 372 439999
0.653712 2 1 2 3 564 0
0.654008 2 1 2 3 326 0
0.654208 1 1 1 3 326 0
0.654308 3 1 4 3 372 0
0.655308 3 1 4 3 372 0
0.671748 1 1 1 3 564 647999
0.671848 1 1 1 3 564 647999
0.671932 1 1 1 3 326 631999
0.672552 2 1 2 3 564 551999
0.672652 2 1 2 3 564 551999
0.672732 2 1 2 3 326 531999
0.672908 1 1 1 3 564 0
0.673208 3 1 4 3 46 407999
0.673208 1 1 1 3 326 0
0.673292 3 1 4 3 1024 491999
0.67334 3 1 4 3 372 439999
0.673712 2 1 2 3 564 0
0.674008 2 1 2 3 326 0
0.674208 1 1 1 3 326 0
0.674308 3 1 4 3 372 0
0.675308 3 1 4 3 372 0
0.691748 1 1 1 3 564 647999
0.691848 1 1 1 3 564 647999
0.691932 1 1 1 3 326 631999
0.692552 2 1 2 3 564 551999
0.692652 2 1 2 3 564 551999
0.692732 2 1 2 3 326 531999
0.692908 1 1 1 3 564 0
0.693208 3 1 4 3 46 407999
0.693208 1 1 1 3 326 0
0.693292 3 1 4 3 1024 491999
0.69334 3 1 4 3 372 439999
0.693712 2 1 2 3 564 0
0.694008 2 1 2 3 326 0
0.694208 1 1 1 3 326 0
0.694308 3 1 4 3 372 0
0.695308 3 1 4 3 372 0
0.711748 1 1 1 3 564 647999
0.711848 1 1 1 3 564 647999
0.711932 1 1 1 3 326 631999
0.712552 2 1 2 3 564 551999
0.712652 2 1 2 3 564 551999
0.712732 2 1 2 3 326 531999
0.712908 1 1 1 3 564 0
0.713208 3 1 4 3 46 407999
0.713208 1 1 1 3 326 0
0.713292 3 1 4 3 1024 491999
0.71334 3 1 4 3 372 439999
0.713712 2 1 2 3 564 0
0.714008 2 1 2 3 326 0
0.714208 1 1 1 3 326 0
0.714308 3 1 4 3 372 0
0.715308 3 1 4 3 372 0
0.731748 1 1 1 3 564 647999
0.731848 1 1 1 3 564 647999
0.731932 1 1 1 3 326 631999
0.732552 2 1 2 3 564 551999
0.732652 2 1 2 3 564 551999
0.732732 2 1 2 3 326 531999
0.732908 1 1 1 3 564 0
0.733208 3 1 4 3 46 407999
0.733208 1 1 1 3 326 0
0.733292 3 1 4 3 1024 491999
0.73334 3 1 4 3 372 439999
0.733712 2 1 2 3 564 0
0.734008 2 1 2 3 326 0
0.734208 1 1 1 3 326 0
0.734308 3 1 4 3 372 0
0.735308 3 1 4 3 372 0
0.751748 1 1 1 3 564 647999
0.751848 1 1 1 3 564 647999
0.751932 1 1 1 3 326 631999
0.752552 2 1 2 3 564 551999
0.752652 2 1 2 3 564 551999
0.752732 2 1 2 3 326 531999
0.752908 1 1 1 3 564 0
0.753208 3 1 4 3 46 407999
0.753208 1 1 1 3 326 0
0.753292 3 1 4 3 1024 491999
0.75334 3 1 4 3 372 439999
0.753712 2 1 2 3 564 0
0.754008 2 1 2 3 326 0
0.754208 1 1 1 3 326 0
0.754308 3 1 4 3 372 0
0.755308 3 1 4 3 372 0
0.771748 1 1 1 3 564 647999
0.771848 1 1 1 3 564 647999
0.771932 1 1 1 3 326 631999
0.772552 2 1 2 3 564 551999
0.772652 2 1 2 3 564 551999
0.772732 2 1 2 3 326 531999
0.772908 1 1 1 3 564 0
0.773208 3 1 4 3 46 407999
0.773208 1 1 1 3 326 0
0.773292 3 1 4 3 1024 491999
0.77334 3 1 4 3 372 439999
0.773712 2 1 2 3 564 0
0.774008 2 1 2 3 326 0
0.774208 1 1 1 3 326 0
0.774308 3 1 4 3 372 0
0.775308 3 1 4 3 372 0
0.791748 1 1 1 3 564 647999
0.791848 1 1 1 3 564 647999
0.791932 1 1 1 3 326 631999
0.792552 2 1 2 3 564 551999
0.792652 2 1 2 3 564 551999
0.792732 2 1 2 3 326 531999
0.792908 1 1 1 3 564 0
0.793208 3 1 4 3 46 407999
0.793208 1 1 1 3 326 0
0.793292 3 1 4 3 1024 491999
0.79334 3 1 4 3 372 439999
0.793712 2 1 2 3 564 0
0.794008 2 1 2 3 326 0
0.794208 1 1 1 3 326 0
0.794308 3 1 4 3 372 0
0.795308 3 1 4 3 372 0
0.811748 1 1 1 3 564 647999
0.811848 1 1 1 3 564 647999
0.811932 1 1 1 3 326 631999
0.812552 2 1 2 3 564 551999
0.812652 2 1 2 3 564 551999
0.812732 2 1 2 3 326 531999
0.812908 1 1 1 3 564 0
0.813208 3 1 4 3 46 407999
0.813208 1 1 1 3 326 0
0.813292 3 1 4 3 1024 491999
0.81334 3 1 4 3 372 439999
0.813712 2 1 2 3 564 0
0.814008 2 1 2 3 326 0
0.814208 1 1 1 3 326 0
0.814308 3 1 4 3 372 0
0.815308 3 1 4 3 372 0
0.831748 1 1 1 3 564 647999
0.831848 1 1 1 3 564 647999
0.831932 1 1 1 3 326 631999
0.832552 2 1 2 3 564 551999
0.832652 2 1 2 3 564 551999
0.832732 2 1 2 3 326 531999
0.832908 1 1 1 3 564 0
0.833208 3 1 4 3 46 407999
0.833208 1 1 1 3 326 0
0.833292 3 1 4 3 1024 491999
0.83334 3 1 4 3 372 439999
0.833712 2 1 2 3 564 0
0.834008 2 1 2 3 326 0
0.834208 1 1 1 3 326 0
0.834308 3 1 4 3 372 0
0.835308 3 1 4 3 372 0
0.851748 1 1 1 3 564 647999
0.851848 1 1 1 3 564 647999
0.851932 1 1 1 3 326 631999
0.852552 2 1 2 3 564 551999
0.852652 2 1 2 3 564 551999
0.852732 2 1 2 3 326 531999
0.852908 1 1 1 3 564 0
0.853208 3 1 4 3 46 407999
0.853208 1 1 1 3 326 0
0.853292 3 1 4 3 1024 491999
0.85334 3 1 4 3 372 439999
0.853712 2 1 2 3 564 0
0.854008 2 1 2 3 326 0
0.854208 1 1 1 3 326 0
0.854308 3 1 4 3 372 0
0.855308 3 1 4 3 372 0
0.871748 1 1 1 3 564 647999
0.871848 1 1 1 3 564 647999
0.871932 1 1 1 3 326 631999
0.872552 2 1 2 3 564 551999
0.872652 2 1 2 3 564 551999
0.872732 2 1 2 3 326 531999
0.872908 1 1 1 3 564 0
0.873208 3 1 4 3 46 407999
0.873208 1 1 1 3 326 0
0.873292 3 1 4 3 1024 491999
0.87334 3 1 4 3 372 439999
0.873712 2 1 2 3 564 0
0.874008 2 1 2 3 326 0
0.874208 1 1 1 3 326 0
0.874308 3 1 4 3 372 0
0.875308 3 1 4 3 372 0
0.891748 1 1 1 3 564 647999
0.891848 1 1 1 3 564 647999
0.891932 1 1 1 3 326 631999
0.892552 2 1 2 3 564 551999
0.892652 2 1 2 3 564 551999
0.892732 2 1 2 3 326 531999
0.892908 1 1 1 3 564 0
0.893208 3 1 4 3 46 407999
0.893208 1 1 1 3 326 0
0.893292 3 1 4 3 1024 491999
0.89334 3 1 4 3 372 439999
0.893712 2 1 2 3 564 0
0.894008 2 1 2 3 326 0
0.894208 1 1 1 3 326 0
0.894308 3 1 4 3 372 0
0.895308 3 1 4 3 372 0
0.911748 1 1 1 3 564 647999
0.911848 1 1 1 3 564 647999
0.911932 1 1 1 3 326 631999
0.912552 2 1 2 3 564 551999
0.912652 2 1 2 3 564 551999
0.912732 2 1 2 3 326 531999
0.912908 1 1 1 3 564 0
0.913208 3 1 4 3 46 407999
0.913208 1 1 1 3 326 0
0.913292 3 1 4 3 1024 491999
0.91334 3 1 4 3 372 439999
0.913712 2 1 2 3 564 0
0.914008 2 1 2 3 326 0
0.914208 1 1 1 3 326 0
0.914308 3 1 4 3 372 0
0.915308 3 1 4 3 372 0
0.931748 1 1 1 3 564 647999
0.931848 1 1 1 3 564 647999
0.931932 1 1 1 3 326 631999
0.932552 2 1 2 3 564 551999
0.932652 2 1 2 3 564 551999
0.932732 2 1 2 3 326 531999
0.932908 1 1 1 3 564 0
0.933208 3 1 4 3 46 407999
0.933208 1 1 1 3 326 0
0.933292 3 1 4 3 1024 491999
0.93334 3 1 4 3 372 439999
0.933712 2 1 2 3 564 0
0.934008 2 1 2 3 326 0
0.934208 1 1 1 3 326 0
0.934308 3 1 4 3 372 0
0.935308 3 1 4 3 372 0
0.951748 1 1 1 3 564 647999
0.951848 1 1 1 3 564 647999
0.951932 1 1 1 3 326 631999
0.952552 2 1 2 3 564 551999
0.952652 2 1 2 3 564 551999
0.952732 2 1 2 3 326 531999
0.952908 1 1 1 3 564 0
0.953208 3 1 4 3 46 407999
0.953208 1 1 1 3 326 0
0.953292 3 1 4 3 1024 491999
0.95334 3 1 4 3 372 439999
0.953712 2 1 2 3 564 0
0.954008 2 1 2 3 326 0
0.954208 1 1 1 3 326 0
0.954308 3 1 4 3 372 0
0.955308 3 1 4 3 372 0
0.971748 1 1 1 3 564 647999
0.971848 1 1 1 3 564 647999
0.971932 1 1 1 3 326 631999
0.972552 2 1 2 3 564 551999
0.972652 2 1 2 3 564 551999
0.972732 2 1 2 3 326 531999
0.972908 1 1 1 3 564 0
0.973208 3 1 4 3 46 407999
0.973208 1 1 1 3 326 0
0.973292 3 1 4 3 1024 491999
0.97334 3 1 4 3 372 439999
0.973712 2 1 2 3 564 0
0.974008 2 1 2 3 326 0
0.974208 1 1 1 3 326 0
0.974308 3 1 4 3 372 0
0.975308 3 1 4 3 372 0
0.991748 1 1 1 3 564 647999
0.991848 1 1 1 3 564 647999
0.991932 1 1 1 3 326 631999
0.992552 2 1 2 3 564 551999
0.992652 2 1 2 3 564 551999
0.992732 2 1 2 3 326 531999
0.992908 1 1 1 3 564 0
0.993208 3 1 4 3 46 407999
0.993208 1 1 1 3 326 0
0.993292 3 1 4 3 1024 491999
0.99334 3 1 4 3 372 439999
0.993712 2 1 2 3 564 0
0.994008 2 1 2 3 326 0
0.994208 1 1 1 3 326 0
0.994308 3 1 4 3 372 0
0.995308 3 1 4 3 372 0
1.01175 1 1 1 3 564 647999
1.01185 1 1 1 3 564 647999
1.01193 1 1 1 3 326 631999
1.01255 2 1 2 3 564 551999
1.01265 2 1 2 3 564 551999
1.01273 2 1 2 3 326 531999
1.01291 1 1 1 3 564 0
1.01321 3 1 4 3 46 407999
1.01321 1 1 1 3 326 0
1.01329 3 1 4 3 1024 491999
1.01334 3 1 4 3 372 439999
1.01371 2 1 2 3 564 0
1.01401 2 1 2 3 326 0
1.01421 1 1 1 3 326 0
1.01431 3 1 4 3 372 0
1.01531 3 1 4 3 372 0
1.03175 1 1 1 3 564 647999
1.03185 1 1 1 3 564 647999
1.03193 1 1 1 3 326 631999
1.03255 2 1 2 3 564 551999
1.03265 2 1 2 3 564 551999
1.03273 2 1 2 3 326 531999
1.03291 1 1 1 3 564 0
1.03321 3 1 4 3 46 407999
1.03321 1 1 1 3 326 0
1.03329 3 1 4 3 1024 491999
1.03334 3 1 4 3 372 439999
1.03371 2 1 2 3 564 0
1.03401 2 1 2 3 326 0
1.03421 1 1 1 3 326 0
1.03431 3 1 4 3 372 0
1.03531 3 1 4 3 372 0
1.05175 1 1 1 3 564 647999
1.05185 1 1 1 3 564 647999
1.05193 1 1 1 3 326 631999
1.05255 2 1 2 3 564 551999
1.05265 2 1 2 3 564 551999
1.05273 2 1 2 3 326 531999
1.05291 1 1 1 3 564 0
1.05321 3 1 4 3 46 407999
1.05321 1 1 1 3 326 0
1.05329 3 1 4 3 1024 491999
1.05334 3 1 4 3 372 439999
1.05371 2 1 2 3 564 0
1.05401 2 1 2 3 326 0
1.05421 1 1 1 3 326 0
1.05431 3 1 4 3 372 0
1.05531 3 1 4 3 372 0
1.07175 1 1 1 3 564 647999
1.07185 1 1 1 3 564 647999
1.07193 1 1 1 3 326 631999
1.07255 2 1 2 3 564 551999
1.07265 2 1 2 3 564 551999
1.07273 2 1 2 3 326 531999
1.07291 1 1 1 3 564 0
1.07321 3 1 4 3 46 407999
1.07321 1 1 1 3 326 0
1.07329 3 1 4 3 1024 491999
1.07334 3 1 4 3 372 439999
1.07371 2 1 2 3 564 0
1.07401 2 1 2 3 326 0
1.07421 1 1 1 3 326 0
1.07431 3 1 4 3 372 0
1.07531 3 1 4 3 372 0
1.09175 1 1 1 3 564 647999
1.09185 1 1 1 3 564 647999
1.09193 1 1 1 3 326 631999
1.09255 2 1 2 3 564 551999
1.09265 2 1 2 3 564 551999
1.09273 2 1 2 3 326 531999
1.09291 1 1 1 3 564 0
1.09321 3 1 4 3 46 407999
1.09321 1 1 1 3 326 0
1.09329 3 1 4 3 1024 491999
1.09334 3 1 4 3 372 439999
1.09371 2 1 2 3 564 0
1.09401 2 1 2 3 326 0
1.09421 1 1 1 3 326 0
1.09431 3 1 4 3 372 0
1.09531 3 1 4 3 372 0
1.11175 1 1 1 3 564 647999
1.11185 1 1 1 3 564 647999
1.11193 1 1 1 3 326 631999
1.11255 2 1 2 3 564 551999
1.11265 2 1 2 3 564 551999
1.11273 2 1 2 3 326 531999
1.11291 1 1 1 3 564 0
1.11321 3 1 4 3 46 407999
1.11321 1 1 1 3 326 0
1.11329 3 1 4 3 1024 491999
1.11334 3 1 4 3 372 439999
1.11371 2 1 2 3 564 0
1.11401 2 1 2 3 326 0
1.11421 1 1 1 3 326 0
1.11431 3 1 4 3 372 0
1.11531 3 1 4 3 372 0
1.13175 1 1 1 3 564 647999
1.13185 1 1 1 3 564 647999
1.13193 1 1 1 3 326 631999
1.13255 2 1 2 3 564 551999
1.13265 2 1 2 3 564 551999
1.13273 2 1 2 3 326 531999
1.13291 1 1 1 3 564 0
1.13321 3 1 4 3 46 407999
1.13321 1 1 1 3 326 0
1.13329 3 1 4 3 1024 491999
1.13334 3 1 4 3 372 439999
1.13371 2 1 2 3 564 0
1.13401 2 1 2 3 326 0
1.13421 1 1 1 3 326 0
1.13431 3 1 4 3 372 0
1.13531 3 1 4 3 372 0
1.15175 1 1 1 3 564 647999
1.15185 1 1 1 3 564 647999
1.15193 1 1 1 3 326 631999
1.15255 2 1 2 3 564 551999
1.15265 2 1 2 3 564 551999
1.15273 2 1 2 3 326 531999
1.15291 1 1 1 3 564 0
1.15321 3 1 4 3 46 407999
1.15321 1 1 1 3 326 0
1.15329 3 1 4 3 1024 491999
1.15334 3 1 4 3 372 439999
1.15371 2 1 2 3 564 0
1.15401 2 1 2 3 326 0
1.15421 1 1 1 3 326 0
1.15431 3 1 4 3 372 0
1.15531 3 1 4 3 372 0
1.17175 1 1 1 3 564 647999
1.17185 1 1 1 3 564 647999
1.17193 1 1 1 3 326 631999
1.17255 2 1 2 3 564 551999
1.17265 2 1 2 3 564 551999
1.17273 2 1 2 3 326 531999
1.17291 1 1 1 3 564 0
1.17321 3 1 4 3 46 407999
1.17321 1 1 1 3 326 0
1.17329 3 1 4 3 1024 491999
1.17334 3 1 4 3 372 439999
1.17371 2 1 2 3 564 0
1.17401 2 1 2 3 326 0
1.17421 1 1 1 3 326 0
1.17431 3 1 4 3 372 0
1.17531 3 1 4 3 372 0
1.19175 1 1 1 3 564 647999
1.19185 1 1 1 3 564 647999
1.19193 1 1 1 3 326 631999
1.19255 2 1 2 3 564 551999
1.19265 2 1 2 3 564 551999
1.19273 2 1 2 3 326 531999
1.19291 1 1 1 3 564 0
1.19321 3 1 4 3 46 407999
1.19321 1 1 1 3 326 0
1.19329 3 1 4 3 1024 491999
1.19334 3 1 4 3 372 439999
1.19371 2 1 2 3 564 0
1.19401 2 1 2 3 326 0
1.19421 1 1 1 3 326 0
1.19431 3 1 4 3 372 0
1.19531 3 1 4 3 372 0
