0.0041 1 1 0
0.0041 2 1 0
0.0041 1 1 0
0.005208 1 1 0
0.005208 1 1 0
0.005212 2 1 0
0.0141 1 1 0
0.0141 2 1 0
0.0141 1 1 0
0.015208 1 1 0
0.015208 1 1 0
0.015212 2 1 0
0.0241 1 1 0
0.0241 2 1 0
0.0241 1 1 0
0.025208 1 1 0
0.025208 1 1 0
0.025212 2 1 0
0.0341 1 1 0
0.0341 2 1 0
0.0341 1 1 0
0.0347042 1 3 0
0.0347042 2 3 0
0.035208 1 1 0
0.035208 1 1 0
0.035208 1 3 0
0.035212 2 1 0
0.035212 2 3 0
0.0441 1 1 0
0.0441 2 1 0
0.0441 1 1 0
0.0447041 1 3 0
0.0447042 2 3 0
0.045208 1 1 0
0.045208 1 1 0
0.045208 1 3 0
0.045212 2 1 0
0.045212 2 3 0
0.0541 1 1 0
0.0541 2 1 0
0.0541 1 1 0
0.0547041 1 3 0
0.0547042 2 3 0
0.055208 1 1 0
0.055208 1 1 0
0.055208 1 3 0
0.055212 2 1 0
0.055212 2 3 0
0.0641 1 1 0
0.0641 2 1 0
0.0641 1 1 0
0.0647042 1 3 0
0.0647042 2 3 0
0.065208 1 1 0
0.065208 1 1 0
0.065208 1 3 0
0.065212 2 1 0
0.065212 2 3 0
0.067016 1 3 0
0.067508 1 3 0
0.0741 1 1 0
0.0741 2 1 0
0.0741 1 1 0
0.0747041 1 3 0
0.0747042 2 3 0
0.075208 1 1 0
0.075208 1 1 0
0.075208 1 3 0
0.075212 2 1 0
0.075212 2 3 0
0.077016 1 3 0
0.077508 1 3 0
0.0841 1 1 0
0.0841 2 1 0
0.0841 1 1 0
0.0847042 1 3 0
0.0847042 2 3 0
0.085208 1 1 0
0.085208 1 1 0
0.085208 1 3 0
0.085212 2 1 0
0.085212 2 3 0
0.087016 1 3 0
0.087508 1 3 0
0.0941 1 1 0
0.0941 2 1 0
0.0941 1 1 0
0.0947042 1 3 0
0.0947042 2 3 0
0.095208 1 1 0
0.095208 1 1 0
0.095208 1 3 0
0.095212 2 1 0
0.095212 2 3 0
0.097016 1 3 0
0.097508 1 3 0
0.1041 1 1 0
0.1041 2 1 0
0.1041 1 1 0
0.104704 1 3 0
0.104704 2 3 0
0.105208 1 1 0
0.105208 1 1 0
0.105208 1 3 0
0.105212 2 1 0
0.105212 2 3 0
0.107016 1 3 0
0.107508 1 3 0
0.1141 1 1 0
0.1141 2 1 0
0.1141 1 1 0
0.114704 1 3 0
0.114704 2 3 0
0.115208 1 1 0
0.115208 1 1 0
0.115208 1 3 0
0.115212 2 1 0
0.115212 2 3 0
0.117016 1 3 0
0.117508 1 3 0
0.1241 1 1 0
0.1241 2 1 0
0.1241 1 1 0
0.124704 1 3 0
0.124704 2 3 0
0.125208 1 1 0
0.125208 1 1 0
0.125208 1 3 0
0.125212 2 1 0
0.125212 2 3 0
0.127016 1 3 0
0.127508 1 3 0
0.1341 1 1 0
0.1341 2 1 0
0.1341 1 1 0
0.134704 1 3 0
0.134704 2 3 0
0.135208 1 1 0
0.135208 1 1 0
0.135208 1 3 0
0.135212 2 1 0
0.135212 2 3 0
0.137016 1 3 0
0.137508 1 3 0
0.1441 1 1 0
0.1441 2 1 0
0.1441 1 1 0
0.144704 1 3 0
0.144704 2 3 0
0.145208 1 1 0
0.145208 1 1 0
0.145208 1 3 0
0.145212 2 1 0
0.145212 2 3 0
0.147016 1 3 0
0.147508 1 3 0
0.1541 1 1 0
0.1541 2 1 0
0.1541 1 1 0
0.154704 1 3 0
0.154704 2 3 0
0.155208 1 1 0
0.155208 1 1 0
0.155208 1 3 0
0.155212 2 1 0
0.155212 2 3 0
0.157016 1 3 0
0.157508 1 3 0
0.1641 1 1 0
0.1641 2 1 0
0.1641 1 1 0
0.164704 1 3 0
0.164704 2 3 0
0.165208 1 1 0
0.165208 1 1 0
0.165208 1 3 0
0.165212 2 1 0
0.165212 2 3 0
0.167016 1 3 0
0.167508 1 3 0
0.1741 1 1 0
0.1741 2 1 0
0.1741 1 1 0
0.174704 1 3 0
0.174704 2 3 0
0.175208 1 1 0
0.175208 1 1 0
0.175208 1 3 0
0.175212 2 1 0
0.175212 2 3 0
0.177016 1 3 0
0.177508 1 3 0
0.1841 1 1 0
0.1841 2 1 0
0.1841 1 1 0
0.184704 1 3 0
0.184704 2 3 0
0.185208 1 1 0
0.185208 1 1 0
0.185208 1 3 0
0.185212 2 1 0
0.185212 2 3 0
0.187016 1 3 0
0.187508 1 3 0
0.1941 1 1 0
0.1941 2 1 0
0.1941 1 1 0
0.194704 1 3 0
0.194704 2 3 0
0.195208 1 1 0
0.195208 1 1 0
0.195208 1 3 0
0.195212 2 1 0
0.195212 2 3 0
0.197016 1 3 0
0.197508 1 3 0
0.2041 1 1 0
0.2041 2 1 0
0.2041 1 1 0
0.204704 1 3 0
0.204704 2 3 0
0.205208 1 1 0
0.205208 1 1 0
0.205208 1 3 0
0.205212 2 1 0
0.205212 2 3 0
0.207016 1 3 0
0.207508 1 3 0
0.2141 1 1 0
0.2141 2 1 0
0.2141 1 1 0
0.214704 1 3 0
0.214704 2 3 0
0.215208 1 1 0
0.215208 1 1 0
0.215208 1 3 0
0.215212 2 1 0
0.215212 2 3 0
0.217016 1 3 0
0.217508 1 3 0
0.2241 1 1 0
0.2241 2 1 0
0.2241 1 1 0
0.224704 1 3 0
0.224704 2 3 0
0.225208 1 1 0
0.225208 1 1 0
0.225208 1 3 0
0.225212 2 1 0
0.225212 2 3 0
0.227016 1 3 0
0.227508 1 3 0
0.2341 1 1 0
0.2341 2 1 0
0.2341 1 1 0
0.234704 1 3 0
0.234704 2 3 0
0.235208 1 1 0
0.235208 1 1 0
0.235208 1 3 0
0.235212 2 1 0
0.235212 2 3 0
0.237016 1 3 0
0.237508 1 3 0
0.2441 1 1 0
0.2441 2 1 0
0.2441 1 1 0
0.244704 1 3 0
0.244704 2 3 0
0.245208 1 1 0
0.245208 1 1 0
0.245208 1 3 0
0.245212 2 1 0
0.245212 2 3 0
0.247016 1 3 0
0.247508 1 3 0
0.2541 1 1 0
0.2541 2 1 0
0.2541 1 1 0
0.254704 1 3 0
0.254704 2 3 0
0.255208 1 1 0
0.255208 1 1 0
0.255208 1 3 0
0.255212 2 1 0
0.255212 2 3 0
0.257016 1 3 0
0.257508 1 3 0
0.2641 1 1 0
0.2641 2 1 0
0.2641 1 1 0
0.264704 1 3 0
0.264704 2 3 0
0.265208 1 1 0
0.265208 1 1 0
0.265208 1 3 0
0.265212 2 1 0
0.265212 2 3 0
0.267016 1 3 0
0.267508 1 3 0
0.2741 1 1 0
0.2741 2 1 0
0.2741 1 1 0
0.274704 1 3 0
0.274704 2 3 0
0.275208 1 1 0
0.275208 1 1 0
0.275208 1 3 0
0.275212 2 1 0
0.275212 2 3 0
0.277016 1 3 0
0.277508 1 3 0
0.2841 1 1 0
0.2841 2 1 0
0.2841 1 1 0
0.284704 1 3 0
0.284704 2 3 0
0.285208 1 1 0
0.285208 1 1 0
0.285208 1 3 0
0.285212 2 1 0
0.285212 2 3 0
0.287016 1 3 0
0.287508 1 3 0
0.2941 1 1 0
0.2941 2 1 0
0.2941 1 1 0
0.294704 1 3 0
0.294704 2 3 0
0.295208 1 1 0
0.295208 1 1 0
0.295208 1 3 0
0.295212 2 1 0
0.295212 2 3 0
0.297016 1 3 0
0.297508 1 3 0
0.3041 1 1 0
0.3041 2 1 0
0.3041 1 1 0
0.3041 1 1 0
0.304704 1 3 0
0.304704 2 3 0
0.305208 1 1 0
0.305208 1 1 0
0.305208 1 3 0
0.305208 1 1 0
0.305212 2 1 0
0.305212 2 3 0
0.307016 1 3 0
0.307508 1 3 0
0.3141 1 1 0
0.3141 2 1 0
0.3141 1 1 0
0.3141 1 1 0
0.314704 1 3 0
0.314704 2 3 0
0.315208 1 1 0
0.315208 1 1 0
0.315208 1 3 0
0.315208 1 1 0
0.315212 2 1 0
0.315212 2 3 0
0.317016 1 3 0
0.317508 1 3 0
0.3241 1 1 0
0.3241 2 1 0
0.3241 1 1 0
0.3241 1 1 0
0.324704 1 3 0
0.324704 2 3 0
0.325208 1 1 0
0.325208 1 1 0
0.325208 1 3 0
0.325208 1 1 0
0.325212 2 1 0
0.325212 2 3 0
0.327016 1 3 0
0.327508 1 3 0
0.3341 1 1 0
0.3341 2 1 0
0.3341 1 1 0
0.3341 1 1 0
0.334704 1 3 0
0.334704 2 3 0
0.335208 1 1 0
0.335208 1 1 0
0.335208 1 3 0
0.335208 1 1 0
0.335212 2 1 0
0.335212 2 3 0
0.337016 1 3 0
0.337416 1 3 0
0.337508 1 3 0
0.337908 1 3 0
0.3441 1 1 0
0.3441 2 1 0
0.3441 1 1 0
0.3441 1 1 0
0.344704 1 3 0
0.344704 2 3 0
0.345208 1 1 0
0.345208 1 1 0
0.345208 1 3 0
0.345208 1 1 0
0.345212 2 1 0
0.345212 2 3 0
0.347016 1 3 0
0.347416 1 3 0
0.347508 1 3 0
0.347908 1 3 0
0.3541 1 1 0
0.3541 2 1 0
0.3541 1 1 0
0.3541 1 1 0
0.354704 1 3 0
0.354704 2 3 0
0.355208 1 1 0
0.355208 1 1 0
0.355208 1 3 0
0.355208 1 1 0
0.355212 2 1 0
0.355212 2 3 0
0.357016 1 3 0
0.357416 1 3 0
0.357508 1 3 0
0.357908 1 3 0
0.3641 1 1 0
0.3641 2 1 0
0.3641 1 1 0
0.3641 1 1 0
0.364704 1 3 0
0.364704 2 3 0
0.365208 1 1 0
0.365208 1 1 0
0.365208 1 3 0
0.365208 1 1 0
0.365212 2 1 0
0.365212 2 3 0
0.367016 1 3 0
0.367416 1 3 0
0.367508 1 3 0
0.367908 1 3 0
0.3741 1 1 0
0.3741 2 1 0
0.3741 1 1 0
0.3741 1 1 0
0.374704 1 3 0
0.374704 2 3 0
0.375208 1 1 0
0.375208 1 1 0
0.375208 1 3 0
0.375208 1 1 0
0.375212 2 1 0
0.375212 2 3 0
0.377016 1 3 0
0.377416 1 3 0
0.377508 1 3 0
0.377908 1 3 0
0.3841 1 1 0
0.3841 2 1 0
0.3841 1 1 0
0.3841 1 1 0
0.384704 1 3 0
0.384704 2 3 0
0.385208 1 1 0
0.385208 1 1 0
0.385208 1 3 0
0.385208 1 1 0
0.385212 2 1 0
0.385212 2 3 0
0.387016 1 3 0
0.387416 1 3 0
0.387508 1 3 0
0.387908 1 3 0
0.3941 1 1 0
0.3941 2 1 0
0.3941 1 1 0
0.3941 1 1 0
0.394704 1 3 0
0.394704 2 3 0
0.395208 1 1 0
0.395208 1 1 0
0.395208 1 3 0
0.395208 1 1 0
0.395212 2 1 0
0.395212 2 3 0
0.397016 1 3 0
0.397416 1 3 0
0.397508 1 3 0
0.397908 1 3 0
0.4041 1 1 0
0.4041 2 1 0
0.4041 1 1 0
0.4041 1 1 0
0.404704 1 3 0
0.404704 2 3 0
0.405208 1 1 0
0.405208 1 1 0
0.405208 1 3 0
0.405208 1 1 0
0.405212 2 1 0
0.405212 2 3 0
0.407016 1 3 0
0.407416 1 3 0
0.407508 1 3 0
0.407908 1 3 0
0.4141 1 1 0
0.4141 2 1 0
0.4141 1 1 0
0.4141 1 1 0
0.414704 1 3 0
0.414704 2 3 0
0.415208 1 1 0
0.415208 1 1 0
0.415208 1 3 0
0.415208 1 1 0
0.415212 2 1 0
0.415212 2 3 0
0.417016 1 3 0
0.417416 1 3 0
0.417508 1 3 0
0.417908 1 3 0
0.4241 1 1 0
0.4241 2 1 0
0.4241 1 1 0
0.4241 1 1 0
0.424704 1 3 0
0.424704 2 3 0
0.425208 1 1 0
0.425208 1 1 0
0.425208 1 3 0
0.425208 1 1 0
0.425212 2 1 0
0.425212 2 3 0
0.427016 1 3 0
0.427416 1 3 0
0.427508 1 3 0
0.427908 1 3 0
0.4341 1 1 0
0.4341 2 1 0
0.4341 1 1 0
0.4341 1 1 0
0.434704 1 3 0
0.434704 2 3 0
0.435208 1 1 0
0.435208 1 1 0
0.435208 1 3 0
0.435208 1 1 0
0.435212 2 1 0
0.435212 2 3 0
0.437016 1 3 0
0.437416 1 3 0
0.437508 1 3 0
0.437908 1 3 0
0.4441 1 1 0
0.4441 2 1 0
0.4441 1 1 0
0.4441 1 1 0
0.444704 1 3 0
0.444704 2 3 0
0.445208 1 1 0
0.445208 1 1 0
0.445208 1 3 0
0.445208 1 1 0
0.445212 2 1 0
0.445212 2 3 0
0.447016 1 3 0
0.447416 1 3 0
0.447508 1 3 0
0.447908 1 3 0
0.4541 1 1 0
0.4541 2 1 0
0.4541 1 1 0
0.4541 1 1 0
0.454704 1 3 0
0.454704 2 3 0
0.455208 1 1 0
0.455208 1 1 0
0.455208 1 3 0
0.455208 1 1 0
0.455212 2 1 0
0.455212 2 3 0
0.457016 1 3 0
0.457416 1 3 0
0.457508 1 3 0
0.457908 1 3 0
0.4641 1 1 0
0.4641 2 1 0
0.4641 1 1 0
0.4641 1 1 0
0.464704 1 3 0
0.464704 2 3 0
0.465208 1 1 0
0.465208 1 1 0
0.465208 1 3 0
0.465208 1 1 0
0.465212 2 1 0
0.465212 2 3 0
0.467016 1 3 0
0.467416 1 3 0
0.467508 1 3 0
0.467908 1 3 0
0.4741 1 1 0
0.4741 2 1 0
0.4741 1 1 0
0.4741 1 1 0
0.474704 1 3 0
0.474704 2 3 0
0.475208 1 1 0
0.475208 1 1 0
0.475208 1 3 0
0.475208 1 1 0
0.475212 2 1 0
0.475212 2 3 0
0.477016 1 3 0
0.477416 1 3 0
0.477508 1 3 0
0.477908 1 3 0
0.4841 1 1 0
0.4841 2 1 0
0.4841 1 1 0
0.4841 1 1 0
0.484704 1 3 0
0.484704 2 3 0
0.485208 1 1 0
0.485208 1 1 0
0.485208 1 3 0
0.485208 1 1 0
0.485212 2 1 0
0.485212 2 3 0
0.487016 1 3 0
0.487416 1 3 0
0.487508 1 3 0
0.487908 1 3 0
0.4941 1 1 0
0.4941 2 1 0
0.4941 1 1 0
0.4941 1 1 0
0.494704 1 3 0
0.494704 2 3 0
0.495208 1 1 0
0.495208 1 1 0
0.495208 1 3 0
0.495208 1 1 0
0.495212 2 1 0
0.495212 2 3 0
0.497016 1 3 0
0.497416 1 3 0
0.497508 1 3 0
0.497908 1 3 0
0.5041 1 1 0
0.5041 2 1 0
0.5041 1 1 0
0.5041 1 1 0
0.504704 1 3 0
0.504704 2 3 0
0.505208 1 1 0
0.505208 1 1 0
0.505208 1 3 0
0.505208 1 1 0
0.505212 2 1 0
0.505212 2 3 0
0.507016 1 3 0
0.507416 1 3 0
0.507508 1 3 0
0.507908 1 3 0
0.5141 1 1 0
0.5141 2 1 0
0.5141 1 1 0
0.5141 1 1 0
0.514704 1 3 0
0.514704 2 3 0
0.515208 1 1 0
0.515208 1 1 0
0.515208 1 3 0
0.515208 1 1 0
0.515212 2 1 0
0.515212 2 3 0
0.517016 1 3 0
0.517416 1 3 0
0.517508 1 3 0
0.517908 1 3 0
0.5241 1 1 0
0.5241 2 1 0
0.5241 1 1 0
0.5241 1 1 0
0.524704 1 3 0
0.524704 2 3 0
0.525208 1 1 0
0.525208 1 1 0
0.525208 1 3 0
0.525208 1 1 0
0.525212 2 1 0
0.525212 2 3 0
0.527016 1 3 0
0.527416 1 3 0
0.527508 1 3 0
0.527908 1 3 0
0.5341 1 1 0
0.5341 2 1 0
0.5341 1 1 0
0.5341 1 1 0
0.534704 1 3 0
0.534704 2 3 0
0.535208 1 1 0
0.535208 1 1 0
0.535208 1 3 0
0.535208 1 1 0
0.535212 2 1 0
0.535212 2 3 0
0.537016 1 3 0
0.537416 1 3 0
0.537508 1 3 0
0.537908 1 3 0
0.5441 1 1 0
0.5441 2 1 0
0.5441 1 1 0
0.5441 1 1 0
0.544704 1 3 0
0.544704 2 3 0
0.545208 1 1 0
0.545208 1 1 0
0.545208 1 3 0
0.545208 1 1 0
0.545212 2 1 0
0.545212 2 3 0
0.547016 1 3 0
0.547416 1 3 0
0.547508 1 3 0
0.547908 1 3 0
0.5541 1 1 0
0.5541 2 1 0
0.5541 1 1 0
0.5541 1 1 0
0.554704 1 3 0
0.554704 2 3 0
0.555208 1 1 0
0.555208 1 1 0
0.555208 1 3 0
0.555208 1 1 0
0.555212 2 1 0
0.555212 2 3 0
0.557016 1 3 0
0.557416 1 3 0
0.557508 1 3 0
0.557908 1 3 0
0.5641 1 1 0
0.5641 2 1 0
0.5641 1 1 0
0.5641 1 1 0
0.564704 1 3 0
0.564704 2 3 0
0.565208 1 1 0
0.565208 1 1 0
0.565208 1 3 0
0.565208 1 1 0
0.565212 2 1 0
0.565212 2 3 0
0.567016 1 3 0
0.567416 1 3 0
0.567508 1 3 0
0.567908 1 3 0
0.5741 1 1 0
0.5741 2 1 0
0.5741 1 1 0
0.5741 1 1 0
0.574704 1 3 0
0.574704 2 3 0
0.575208 1 1 0
0.575208 1 1 0
0.575208 1 3 0
0.575208 1 1 0
0.575212 2 1 0
0.575212 2 3 0
0.577016 1 3 0
0.577416 1 3 0
0.577508 1 3 0
0.577908 1 3 0
0.5841 1 1 0
0.5841 2 1 0
0.5841 1 1 0
0.5841 1 1 0
0.584704 1 3 0
0.584704 2 3 0
0.585208 1 1 0
0.585208 1 1 0
0.585208 1 3 0
0.585208 1 1 0
0.585212 2 1 0
0.585212 2 3 0
0.587016 1 3 0
0.587416 1 3 0
0.587508 1 3 0
0.587908 1 3 0
0.5941 1 1 0
0.5941 2 1 0
0.5941 1 1 0
0.5941 1 1 0
0.594704 1 3 0
0.594704 2 3 0
0.595208 1 1 0
0.595208 1 1 0
0.595208 1 3 0
0.595208 1 1 0
0.595212 2 1 0
0.595212 2 3 0
0.597016 1 3 0
0.597416 1 3 0
0.597508 1 3 0
0.597908 1 3 0
0.6041 1 1 0
0.6041 2 1 0
0.6041 1 1 0
0.6041 1 1 0
0.604704 1 3 0
0.604704 2 3 0
0.605208 1 1 0
0.605208 1 1 0
0.605208 1 3 0
0.605208 1 1 0
0.605212 2 1 0
0.605212 2 3 0
0.607016 1 3 0
0.607416 1 3 0
0.607508 1 3 0
0.607908 1 3 0
0.6141 1 1 0
0.6141 2 1 0
0.6141 1 1 0
0.6141 1 1 0
0.614704 1 3 0
0.614704 2 3 0
0.615208 1 1 0
0.615208 1 1 0
0.615208 1 3 0
0.615208 1 1 0
0.615212 2 1 0
0.615212 2 3 0
0.617016 1 3 0
0.617416 1 3 0
0.617508 1 3 0
0.617908 1 3 0
0.6241 1 1 0
0.6241 2 1 0
0.6241 1 1 0
0.6241 1 1 0
0.624704 1 3 0
0.624704 2 3 0
0.625208 1 1 0
0.625208 1 1 0
0.625208 1 3 0
0.625208 1 1 0
0.625212 2 1 0
0.625212 2 3 0
0.627016 1 3 0
0.627416 1 3 0
0.627508 1 3 0
0.627908 1 3 0
0.6341 1 1 0
0.6341 2 1 0
0.6341 1 1 0
0.6341 1 1 0
0.634704 1 3 0
0.634704 2 3 0
0.635208 1 1 0
0.635208 1 1 0
0.635208 1 3 0
0.635208 1 1 0
0.635212 2 1 0
0.635212 2 3 0
0.637016 1 3 0
0.637416 1 3 0
0.637508 1 3 0
0.637908 1 3 0
0.6441 1 1 0
0.6441 2 1 0
0.6441 1 1 0
0.6441 1 1 0
0.644704 1 3 0
0.644704 2 3 0
0.645208 1 1 0
0.645208 1 1 0
0.645208 1 3 0
0.645208 1 1 0
0.645212 2 1 0
0.645212 2 3 0
0.647016 1 3 0
0.647416 1 3 0
0.647508 1 3 0
0.647908 1 3 0
0.6541 1 1 0
0.6541 2 1 0
0.6541 1 1 0
0.6541 1 1 0
0.654704 1 3 0
0.654704 2 3 0
0.655208 1 1 0
0.655208 1 1 0
0.655208 1 3 0
0.655208 1 1 0
0.655212 2 1 0
0.655212 2 3 0
0.657016 1 3 0
0.657416 1 3 0
0.657508 1 3 0
0.657908 1 3 0
0.6641 1 1 0
0.6641 2 1 0
0.6641 1 1 0
0.6641 1 1 0
0.664704 1 3 0
0.664704 2 3 0
0.665208 1 1 0
0.665208 1 1 0
0.665208 1 3 0
0.665208 1 1 0
0.665212 2 1 0
0.665212 2 3 0
0.667016 1 3 0
0.667416 1 3 0
0.667508 1 3 0
0.667908 1 3 0
0.6741 1 1 0
0.6741 2 1 0
0.6741 1 1 0
0.6741 1 1 0
0.674704 1 3 0
0.674704 2 3 0
0.675208 1 1 0
0.675208 1 1 0
0.675208 1 3 0
0.675208 1 1 0
0.675212 2 1 0
0.675212 2 3 0
0.677016 1 3 0
0.677416 1 3 0
0.677508 1 3 0
0.677908 1 3 0
0.6841 1 1 0
0.6841 2 1 0
0.6841 1 1 0
0.6841 1 1 0
0.684704 1 3 0
0.684704 2 3 0
0.685208 1 1 0
0.685208 1 1 0
0.685208 1 3 0
0.685208 1 1 0
0.685212 2 1 0
0.685212 2 3 0
0.687016 1 3 0
0.687416 1 3 0
0.687508 1 3 0
0.687908 1 3 0
0.6941 1 1 0
0.6941 2 1 0
0.6941 1 1 0
0.6941 1 1 0
0.694704 1 3 0
0.694704 2 3 0
0.695208 1 1 0
0.695208 1 1 0
0.695208 1 3 0
0.695208 1 1 0
0.695212 2 1 0
0.695212 2 3 0
0.697016 1 3 0
0.697416 1 3 0
0.697508 1 3 0
0.697908 1 3 0
0.7041 1 1 0
0.7041 2 1 0
0.7041 1 1 0
0.7041 1 1 0
0.704704 1 3 0
0.704704 2 3 0
0.705208 1 1 0
0.705208 1 1 0
0.705208 1 3 0
0.705208 1 1 0
0.705212 2 1 0
0.705212 2 3 0
0.707016 1 3 0
0.707416 1 3 0
0.707508 1 3 0
0.707908 1 3 0
0.7141 1 1 0
0.7141 2 1 0
0.7141 1 1 0
0.7141 1 1 0
0.714704 1 3 0
0.714704 2 3 0
0.715208 1 1 0
0.715208 1 1 0
0.715208 1 3 0
0.715208 1 1 0
0.715212 2 1 0
0.715212 2 3 0
0.717016 1 3 0
0.717416 1 3 0
0.717508 1 3 0
0.717908 1 3 0
0.7241 1 1 0
0.7241 2 1 0
0.7241 1 1 0
0.7241 1 1 0
0.724704 1 3 0
0.724704 2 3 0
0.725208 1 1 0
0.725208 1 1 0
0.725208 1 3 0
0.725208 1 1 0
0.725212 2 1 0
0.725212 2 3 0
0.727016 1 3 0
0.727416 1 3 0
0.727508 1 3 0
0.727908 1 3 0
0.7341 1 1 0
0.7341 2 1 0
0.7341 1 1 0
0.7341 1 1 0
0.734704 1 3 0
0.734704 2 3 0
0.735208 1 1 0
0.735208 1 1 0
0.735208 1 3 0
0.735208 1 1 0
0.735212 2 1 0
0.735212 2 3 0
0.737016 1 3 0
0.737416 1 3 0
0.737508 1 3 0
0.737908 1 3 0
0.7441 1 1 0
0.7441 2 1 0
0.7441 1 1 0
0.7441 1 1 0
0.744704 1 3 0
0.744704 2 3 0
0.745208 1 1 0
0.745208 1 1 0
0.745208 1 3 0
0.745208 1 1 0
0.745212 2 1 0
0.745212 2 3 0
0.747016 1 3 0
0.747416 1 3 0
0.747508 1 3 0
0.747908 1 3 0
0.7541 1 1 0
0.7541 2 1 0
0.7541 1 1 0
0.7541 1 1 0
0.754704 1 3 0
0.754704 2 3 0
0.755208 1 1 0
0.755208 1 1 0
0.755208 1 3 0
0.755208 1 1 0
0.755212 2 1 0
0.755212 2 3 0
0.757016 1 3 0
0.757416 1 3 0
0.757508 1 3 0
0.757908 1 3 0
0.7641 1 1 0
0.7641 2 1 0
0.7641 1 1 0
0.7641 1 1 0
0.764704 1 3 0
0.764704 2 3 0
0.765208 1 1 0
0.765208 1 1 0
0.765208 1 3 0
0.765208 1 1 0
0.765212 2 1 0
0.765212 2 3 0
0.767016 1 3 0
0.767416 1 3 0
0.767508 1 3 0
0.767908 1 3 0
0.7741 1 1 0
0.7741 2 1 0
0.7741 1 1 0
0.7741 1 1 0
0.774704 1 3 0
0.774704 2 3 0
0.775208 1 1 0
0.775208 1 1 0
0.775208 1 3 0
0.775208 1 1 0
0.775212 2 1 0
0.775212 2 3 0
0.777016 1 3 0
0.777416 1 3 0
0.777508 1 3 0
0.777908 1 3 0
0.7841 1 1 0
0.7841 2 1 0
0.7841 1 1 0
0.7841 1 1 0
0.784704 1 3 0
0.784704 2 3 0
0.785208 1 1 0
0.785208 1 1 0
0.785208 1 3 0
0.785208 1 1 0
0.785212 2 1 0
0.785212 2 3 0
0.787016 1 3 0
0.787416 1 3 0
0.787508 1 3 0
0.787908 1 3 0
0.7941 1 1 0
0.7941 2 1 0
0.7941 1 1 0
0.7941 1 1 0
0.794704 1 3 0
0.794704 2 3 0
0.795208 1 1 0
0.795208 1 1 0
0.795208 1 3 0
0.795208 1 1 0
0.795212 2 1 0
0.795212 2 3 0
0.797016 1 3 0
0.797416 1 3 0
0.797508 1 3 0
0.797908 1 3 0
0.8041 1 1 0
0.8041 2 1 0
0.8041 1 1 0
0.8041 1 1 0
0.804704 1 3 0
0.804704 2 3 0
0.805208 1 1 0
0.805208 1 1 0
0.805208 1 3 0
0.805208 1 1 0
0.805212 2 1 0
0.805212 2 3 0
0.807016 1 3 0
0.807416 1 3 0
0.807508 1 3 0
0.807908 1 3 0
0.8141 1 1 0
0.8141 2 1 0
0.8141 1 1 0
0.8141 1 1 0
0.814704 1 3 0
0.814704 2 3 0
0.815208 1 1 0
0.815208 1 1 0
0.815208 1 3 0
0.815208 1 1 0
0.815212 2 1 0
0.815212 2 3 0
0.817016 1 3 0
0.817416 1 3 0
0.817508 1 3 0
0.817908 1 3 0
0.8241 1 1 0
0.8241 2 1 0
0.8241 1 1 0
0.8241 1 1 0
0.824704 1 3 0
0.824704 2 3 0
0.825208 1 1 0
0.825208 1 1 0
0.825208 1 3 0
0.825208 1 1 0
0.825212 2 1 0
0.825212 2 3 0
0.827016 1 3 0
0.827416 1 3 0
0.827508 1 3 0
0.827908 1 3 0
0.8341 1 1 0
0.8341 2 1 0
0.8341 1 1 0
0.8341 1 1 0
0.834704 1 3 0
0.834704 2 3 0
0.835208 1 1 0
0.835208 1 1 0
0.835208 1 3 0
0.835208 1 1 0
0.835212 2 1 0
0.835212 2 3 0
0.837016 1 3 0
0.837416 1 3 0
0.837508 1 3 0
0.837908 1 3 0
0.8441 1 1 0
0.8441 2 1 0
0.8441 1 1 0
0.8441 1 1 0
0.844704 1 3 0
0.844704 2 3 0
0.845208 1 1 0
0.845208 1 1 0
0.845208 1 3 0
0.845208 1 1 0
0.845212 2 1 0
0.845212 2 3 0
0.847016 1 3 0
0.847416 1 3 0
0.847508 1 3 0
0.847908 1 3 0
0.8541 1 1 0
0.8541 2 1 0
0.8541 1 1 0
0.8541 1 1 0
0.854704 1 3 0
0.854704 2 3 0
0.855208 1 1 0
0.855208 1 1 0
0.855208 1 3 0
0.855208 1 1 0
0.855212 2 1 0
0.855212 2 3 0
0.857016 1 3 0
0.857416 1 3 0
0.857508 1 3 0
0.857908 1 3 0
0.8641 1 1 0
0.8641 2 1 0
0.8641 1 1 0
0.8641 1 1 0
0.864704 1 3 0
0.864704 2 3 0
0.865208 1 1 0
0.865208 1 1 0
0.865208 1 3 0
0.865208 1 1 0
0.865212 2 1 0
0.865212 2 3 0
0.867016 1 3 0
0.867416 1 3 0
0.867508 1 3 0
0.867908 1 3 0
0.8741 1 1 0
0.8741 2 1 0
0.8741 1 1 0
0.8741 1 1 0
0.874704 1 3 0
0.874704 2 3 0
0.875208 1 1 0
0.875208 1 1 0
0.875208 1 3 0
0.875208 1 1 0
0.875212 2 1 0
0.875212 2 3 0
0.877016 1 3 0
0.877416 1 3 0
0.877508 1 3 0
0.877908 1 3 0
0.8841 1 1 0
0.8841 2 1 0
0.8841 1 1 0
0.8841 1 1 0
0.884704 1 3 0
0.884704 2 3 0
0.885208 1 1 0
0.885208 1 1 0
0.885208 1 3 0
0.885208 1 1 0
0.885212 2 1 0
0.885212 2 3 0
0.887016 1 3 0
0.887416 1 3 0
0.887508 1 3 0
0.887908 1 3 0
0.8941 1 1 0
0.8941 2 1 0
0.8941 1 1 0
0.8941 1 1 0
0.894704 1 3 0
0.894704 2 3 0
0.895208 1 1 0
0.895208 1 1 0
0.895208 1 3 0
0.895208 1 1 0
0.895212 2 1 0
0.895212 2 3 0
0.897016 1 3 0
0.897416 1 3 0
0.897508 1 3 0
0.897908 1 3 0
0.9041 1 1 0
0.9041 2 1 0
0.9041 1 1 0
0.9041 1 1 0
0.904704 1 3 0
0.904704 2 3 0
0.905208 1 1 0
0.905208 1 1 0
0.905208 1 3 0
0.905208 1 1 0
0.905212 2 1 0
0.905212 2 3 0
0.907016 1 3 0
0.907416 1 3 0
0.907508 1 3 0
0.907908 1 3 0
0.9141 1 1 0
0.9141 2 1 0
0.9141 1 1 0
0.9141 1 1 0
0.914704 1 3 0
0.914704 2 3 0
0.915208 1 1 0
0.915208 1 1 0
0.915208 1 3 0
0.915208 1 1 0
0.915212 2 1 0
0.915212 2 3 0
0.917016 1 3 0
0.917416 1 3 0
0.917508 1 3 0
0.917908 1 3 0
0.9241 1 1 0
0.9241 2 1 0
0.9241 1 1 0
0.9241 1 1 0
0.924704 1 3 0
0.924704 2 3 0
0.925208 1 1 0
0.925208 1 1 0
0.925208 1 3 0
0.925208 1 1 0
0.925212 2 1 0
0.925212 2 3 0
0.927016 1 3 0
0.927416 1 3 0
0.927508 1 3 0
0.927908 1 3 0
0.9341 1 1 0
0.9341 2 1 0
0.9341 1 1 0
0.9341 1 1 0
0.934704 1 3 0
0.934704 2 3 0
0.935208 1 1 0
0.935208 1 1 0
0.935208 1 3 0
0.935208 1 1 0
0.935212 2 1 0
0.935212 2 3 0
0.937016 1 3 0
0.937416 1 3 0
0.937508 1 3 0
0.937908 1 3 0
0.9441 1 1 0
0.9441 2 1 0
0.9441 1 1 0
0.9441 1 1 0
0.944704 1 3 0
0.944704 2 3 0
0.945208 1 1 0
0.945208 1 1 0
0.945208 1 3 0
0.945208 1 1 0
0.945212 2 1 0
0.945212 2 3 0
0.947016 1 3 0
0.947416 1 3 0
0.947508 1 3 0
0.947908 1 3 0
0.9541 1 1 0
0.9541 2 1 0
0.9541 1 1 0
0.9541 1 1 0
0.954704 1 3 0
0.954704 2 3 0
0.955208 1 1 0
0.955208 1 1 0
0.955208 1 3 0
0.955208 1 1 0
0.955212 2 1 0
0.955212 2 3 0
0.957016 1 3 0
0.957416 1 3 0
0.957508 1 3 0
0.957908 1 3 0
0.9641 1 1 0
0.9641 2 1 0
0.9641 1 1 0
0.9641 1 1 0
0.964704 1 3 0
0.964704 2 3 0
0.965208 1 1 0
0.965208 1 1 0
0.965208 1 3 0
0.965208 1 1 0
0.965212 2 1 0
0.965212 2 3 0
0.967016 1 3 0
0.967416 1 3 0
0.967508 1 3 0
0.967908 1 3 0
0.9741 1 1 0
0.9741 2 1 0
0.9741 1 1 0
0.9741 1 1 0
0.974704 1 3 0
0.974704 2 3 0
0.975208 1 1 0
0.975208 1 1 0
0.975208 1 3 0
0.975208 1 1 0
0.975212 2 1 0
0.975212 2 3 0
0.977016 1 3 0
0.977416 1 3 0
0.977508 1 3 0
0.977908 1 3 0
0.9841 1 1 0
0.9841 2 1 0
0.9841 1 1 0
0.9841 1 1 0
0.984704 1 3 0
0.984704 2 3 0
0.985208 1 1 0
0.985208 1 1 0
0.985208 1 3 0
0.985208 1 1 0
0.985212 2 1 0
0.985212 2 3 0
0.987016 1 3 0
0.987416 1 3 0
0.987508 1 3 0
0.987908 1 3 0
0.9941 1 1 0
0.9941 2 1 0
0.9941 1 1 0
0.9941 1 1 0
0.994704 1 3 0
0.994704 2 3 0
0.995208 1 1 0
0.995208 1 1 0
0.995208 1 3 0
0.995208 1 1 0
0.995212 2 1 0
0.995212 2 3 0
0.997016 1 3 0
0.997416 1 3 0
0.997508 1 3 0
0.997908 1 3 0
1.0041 1 1 0
1.0041 2 1 0
1.0041 1 1 0
1.0041 1 1 0
1.0047 1 3 0
1.0047 2 3 0
1.00521 1 1 0
1.00521 1 1 0
1.00521 1 3 0
1.00521 1 1 0
1.00521 2 1 0
1.00521 2 3 0
1.00702 1 3 0
1.00742 1 3 0
1.00751 1 3 0
1.00791 1 3 0
1.0141 1 1 0
1.0141 2 1 0
1.0141 1 1 0
1.0141 1 1 0
1.0147 1 3 0
1.0147 2 3 0
1.01521 1 1 0
1.01521 1 1 0
1.01521 1 3 0
1.01521 1 1 0
1.01521 2 1 0
1.01521 2 3 0
1.01702 1 3 0
1.01742 1 3 0
1.01751 1 3 0
1.01791 1 3 0
1.0241 1 1 0
1.0241 2 1 0
1.0241 1 1 0
1.0241 1 1 0
1.0247 1 3 0
1.0247 2 3 0
1.02521 1 1 0
1.02521 1 1 0
1.02521 1 3 0
1.02521 1 1 0
1.02521 2 1 0
1.02521 2 3 0
1.02702 1 3 0
1.02742 1 3 0
1.02751 1 3 0
1.02791 1 3 0
1.0341 1 1 0
1.0341 2 1 0
1.0341 1 1 0
1.0341 1 1 0
1.0347 1 3 0
1.0347 2 3 0
1.03521 1 1 0
1.03521 1 1 0
1.03521 1 3 0
1.03521 1 1 0
1.03521 2 1 0
1.03521 2 3 0
1.03702 1 3 0
1.03742 1 3 0
1.03751 1 3 0
1.03791 1 3 0
1.0441 1 1 0
1.0441 2 1 0
1.0441 1 1 0
1.0441 1 1 0
1.0447 1 3 0
1.0447 2 3 0
1.04521 1 1 0
1.04521 1 1 0
1.04521 1 3 0
1.04521 1 1 0
1.04521 2 1 0
1.04521 2 3 0
1.04702 1 3 0
1.04742 1 3 0
1.04751 1 3 0
1.04791 1 3 0
1.0541 1 1 0
1.0541 2 1 0
1.0541 1 1 0
1.0541 1 1 0
1.0547 1 3 0
1.0547 2 3 0
1.05521 1 1 0
1.05521 1 1 0
1.05521 1 3 0
1.05521 1 1 0
1.05521 2 1 0
1.05521 2 3 0
1.05702 1 3 0
1.05742 1 3 0
1.05751 1 3 0
1.05791 1 3 0
1.0641 1 1 0
1.0641 2 1 0
1.0641 1 1 0
1.0641 1 1 0
1.0647 1 3 0
1.0647 2 3 0
1.06521 1 1 0
1.06521 1 1 0
1.06521 1 3 0
1.06521 1 1 0
1.06521 2 1 0
1.06521 2 3 0
1.06702 1 3 0
1.06742 1 3 0
1.06751 1 3 0
1.06791 1 3 0
1.0741 1 1 0
1.0741 2 1 0
1.0741 1 1 0
1.0741 1 1 0
1.0747 1 3 0
1.0747 2 3 0
1.07521 1 1 0
1.07521 1 1 0
1.07521 1 3 0
1.07521 1 1 0
1.07521 2 1 0
1.07521 2 3 0
1.07702 1 3 0
1.07742 1 3 0
1.07751 1 3 0
1.07791 1 3 0
1.0841 1 1 0
1.0841 2 1 0
1.0841 1 1 0
1.0841 1 1 0
1.0847 1 3 0
1.0847 2 3 0
1.08521 1 1 0
1.08521 1 1 0
1.08521 1 3 0
1.08521 1 1 0
1.08521 2 1 0
1.08521 2 3 0
1.08702 1 3 0
1.08742 1 3 0
1.08751 1 3 0
1.08791 1 3 0
1.0941 1 1 0
1.0941 2 1 0
1.0941 1 1 0
1.0941 1 1 0
1.0947 1 3 0
1.0947 2 3 0
1.09521 1 1 0
1.09521 1 1 0
1.09521 1 3 0
1.09521 1 1 0
1.09521 2 1 0
1.09521 2 3 0
1.09702 1 3 0
1.09742 1 3 0
1.09751 1 3 0
1.09791 1 3 0
1.1041 1 1 0
1.1041 2 1 0
1.1041 1 1 0
1.1041 1 1 0
1.1047 1 3 0
1.1047 2 3 0
1.10521 1 1 0
1.10521 1 1 0
1.10521 1 3 0
1.10521 1 1 0
1.10521 2 1 0
1.10521 2 3 0
1.10702 1 3 0
1.10742 1 3 0
1.10751 1 3 0
1.10791 1 3 0
1.1141 1 1 0
1.1141 2 1 0
1.1141 1 1 0
1.1141 1 1 0
1.1147 1 3 0
1.1147 2 3 0
1.11521 1 1 0
1.11521 1 1 0
1.11521 1 3 0
1.11521 1 1 0
1.11521 2 1 0
1.11521 2 3 0
1.11702 1 3 0
1.11742 1 3 0
1.11751 1 3 0
1.11791 1 3 0
1.1241 1 1 0
1.1241 2 1 0
1.1241 1 1 0
1.1241 1 1 0
1.1247 1 3 0
1.1247 2 3 0
1.12521 1 1 0
1.12521 1 1 0
1.12521 1 3 0
1.12521 1 1 0
1.12521 2 1 0
1.12521 2 3 0
1.12702 1 3 0
1.12742 1 3 0
1.12751 1 3 0
1.12791 1 3 0
1.1341 1 1 0
1.1341 2 1 0
1.1341 1 1 0
1.1341 1 1 0
1.1347 1 3 0
1.1347 2 3 0
1.13521 1 1 0
1.13521 1 1 0
1.13521 1 3 0
1.13521 1 1 0
1.13521 2 1 0
1.13521 2 3 0
1.13702 1 3 0
1.13742 1 3 0
1.13751 1 3 0
1.13791 1 3 0
1.1441 1 1 0
1.1441 2 1 0
1.1441 1 1 0
1.1441 1 1 0
1.1447 1 3 0
1.1447 2 3 0
1.14521 1 1 0
1.14521 1 1 0
1.14521 1 3 0
1.14521 1 1 0
1.14521 2 1 0
1.14521 2 3 0
1.14702 1 3 0
1.14742 1 3 0
1.14751 1 3 0
1.14791 1 3 0
1.1541 1 1 0
1.1541 2 1 0
1.1541 1 1 0
1.1541 1 1 0
1.1547 1 3 0
1.1547 2 3 0
1.15521 1 1 0
1.15521 1 1 0
1.15521 1 3 0
1.15521 1 1 0
1.15521 2 1 0
1.15521 2 3 0
1.15702 1 3 0
1.15742 1 3 0
1.15751 1 3 0
1.15791 1 3 0
1.1641 1 1 0
1.1641 2 1 0
1.1641 1 1 0
1.1641 1 1 0
1.1647 1 3 0
1.1647 2 3 0
1.16521 1 1 0
1.16521 1 1 0
1.16521 1 3 0
1.16521 1 1 0
1.16521 2 1 0
1.16521 2 3 0
1.16702 1 3 0
1.16742 1 3 0
1.16751 1 3 0
1.16791 1 3 0
1.1741 1 1 0
1.1741 2 1 0
1.1741 1 1 0
1.1741 1 1 0
1.1747 1 3 0
1.1747 2 3 0
1.17521 1 1 0
1.17521 1 1 0
1.17521 1 3 0
1.17521 1 1 0
1.17521 2 1 0
1.17521 2 3 0
1.17702 1 3 0
1.17742 1 3 0
1.17751 1 3 0
1.17791 1 3 0
1.1841 1 1 0
1.1841 2 1 0
1.1841 1 1 0
1.1841 1 1 0
1.1847 1 3 0
1.1847 2 3 0
1.18521 1 1 0
1.18521 1 1 0
1.18521 1 3 0
1.18521 1 1 0
1.18521 2 1 0
1.18521 2 3 0
1.18702 1 3 0
1.18742 1 3 0
1.18751 1 3 0
1.18791 1 3 0
1.1941 1 1 0
1.1941 2 1 0
1.1941 1 1 0
1.1941 1 1 0
1.1947 1 3 0
1.1947 2 3 0
1.19521 1 1 0
1.19521 1 1 0
1.19521 1 3 0
1.19521 1 1 0
1.19521 2 1 0
1.19521 2 3 0
1.19702 1 3 0
1.19742 1 3 0
1.19751 1 3 0
1.19791 1 3 0
