	frame	subF	1stSym	symbol#	cellId	rnti	tbSize	mcs	rv	SINR(dB)	corrupt	TBler
UL	3	7	1	1	1	1	48	0	0	-8.28563 	1	0.991211
UL	3	7	2	1	1	2	48	0	0	48.9973 	0	0
UL	4	1	1	1	1	1	48	0	1	37.6758 	0	0
UL	33	7	1	2	1	1	100	0	0	37.6758 	0	0
UL	33	7	3	1	1	2	48	0	0	48.9973 	0	0
UL	34	3	3	1	1	1	1776	28	0	37.6758 	0	0
UL	34	8	1	1	1	2	1776	28	0	48.9973 	0	0
UL	34	8	2	1	1	1	1776	28	0	37.6758 	0	0
UL	35	4	2	1	1	1	1776	28	0	37.6758 	0	0
UL	65	6	1	1	1	1	48	0	0	37.6758 	0	0
UL	66	6	1	1	1	1	1776	28	0	37.6758 	0	0
DL	303	1	1	1	3	1	48	0	0	36.7032	 	0	0
UL	304	0	1	2	1	1	100	0	0	37.6758 	0	0
DL	304	2	1	1	3	1	1776	28	0	36.7032	 	0	0
UL	305	1	1	1	1	1	1776	28	0	37.6758 	0	0
UL	335	5	1	1	1	1	48	0	0	37.6758 	0	0
DL	335	8	1	1	3	1	48	0	0	36.7032	 	0	0
UL	336	5	1	1	1	1	1776	28	0	37.6758 	0	0
DL	336	8	1	1	3	1	1776	28	0	36.7032	 	0	0
DL	336	9	1	1	3	1	1776	28	0	36.7032	 	0	0
UL	512	4	1	1	1	1	48	0	0	37.6758 	0	0
UL	512	5	1	1	1	1	48	0	0	37.6758 	0	0
DL	513	1	1	1	3	1	48	0	0	12.9584	 	0	0
DL	513	1	3	20	3	1	1027	0	0	36.7032	 	0	0
DL	513	2	2	8	3	1	411	0	0	36.7032	 	0	0
UL	513	6	1	1	1	1	1776	28	0	13.9293 	1	1
DL	514	2	1	1	3	1	1776	28	0	36.7032	 	0	0
UL	514	2	1	1	1	1	1776	28	1	37.6758 	0	0
UL	514	9	1	1	1	1	1157	21	0	37.6758 	0	0
DL	515	2	1	1	3	1	1776	28	0	36.7032	 	0	0
UL	532	4	1	1	1	1	48	0	0	37.6758 	0	0
UL	532	5	1	1	1	1	48	0	0	37.6758 	0	0
DL	533	1	1	1	3	1	48	0	0	12.9584	 	0	0
DL	533	1	3	20	3	1	1027	0	0	36.7032	 	0	0
DL	533	2	2	8	3	1	411	0	0	36.7032	 	0	0
UL	533	6	1	1	1	1	1776	28	0	13.9293 	1	1
DL	534	2	1	1	3	1	1776	28	0	36.7032	 	0	0
UL	534	2	1	1	1	1	1776	28	1	37.6758 	0	0
UL	534	9	1	1	1	1	1157	21	0	37.6758 	0	0
DL	535	2	1	1	3	1	1776	28	0	36.7032	 	0	0
UL	552	4	1	1	1	1	48	0	0	37.6758 	0	0
UL	552	5	1	1	1	1	48	0	0	37.6758 	0	0
DL	553	1	1	1	3	1	48	0	0	12.9584	 	0	0
DL	553	1	3	20	3	1	1027	0	0	36.7032	 	0	0
DL	553	2	2	8	3	1	411	0	0	36.7032	 	0	0
UL	553	6	1	1	1	1	1776	28	0	13.9293 	1	1
DL	554	2	1	1	3	1	1776	28	0	36.7032	 	0	0
UL	554	2	1	1	1	1	1776	28	1	37.6758 	0	0
UL	554	9	1	1	1	1	1157	21	0	37.6758 	0	0
DL	555	2	1	1	3	1	1776	28	0	36.7032	 	0	0
UL	572	4	1	1	1	1	48	0	0	37.6758 	0	0
UL	572	5	1	1	1	1	48	0	0	37.6758 	0	0
DL	573	1	1	1	3	1	48	0	0	12.9584	 	0	0
DL	573	1	3	20	3	1	1027	0	0	36.7032	 	0	0
DL	573	2	2	8	3	1	411	0	0	36.7032	 	0	0
UL	573	6	1	1	1	1	1776	28	0	13.9293 	1	1
DL	574	2	1	1	3	1	1776	28	0	36.7032	 	0	0
UL	574	2	1	1	1	1	1776	28	1	37.6758 	0	0
UL	574	9	1	1	1	1	1157	21	0	37.6758 	0	0
DL	575	2	1	1	3	1	1776	28	0	36.7032	 	0	0
UL	592	4	1	1	1	1	48	0	0	37.6758 	0	0
UL	592	5	1	1	1	1	48	0	0	37.6758 	0	0
DL	593	1	1	1	3	1	48	0	0	12.9584	 	0	0
DL	593	1	3	20	3	1	1027	0	0	36.7032	 	0	0
DL	593	2	2	8	3	1	411	0	0	36.7032	 	0	0
UL	593	6	1	1	1	1	1776	28	0	13.9293 	1	1
DL	594	2	1	1	3	1	1776	28	0	36.7032	 	0	0
UL	594	2	1	1	1	1	1776	28	1	37.6758 	0	0
UL	594	9	1	1	1	1	1157	21	0	37.6758 	0	0
DL	595	2	1	1	3	1	1776	28	0	36.7032	 	0	0
UL	612	4	1	1	1	1	48	0	0	37.6758 	0	0
UL	612	5	1	1	1	1	48	0	0	37.6758 	0	0
DL	613	1	1	1	3	1	48	0	0	12.9584	 	0	0
DL	613	1	3	20	3	1	1027	0	0	36.7032	 	0	0
DL	613	2	2	8	3	1	411	0	0	36.7032	 	0	0
UL	613	6	1	1	1	1	1776	28	0	13.9293 	1	1
DL	614	2	1	1	3	1	1776	28	0	36.7032	 	0	0
UL	614	2	1	1	1	1	1776	28	1	37.6758 	0	0
UL	614	9	1	1	1	1	1157	21	0	37.6758 	0	0
DL	615	2	1	1	3	1	1776	28	0	36.7032	 	0	0
UL	632	4	1	1	1	1	48	0	0	37.6758 	0	0
UL	632	5	1	1	1	1	48	0	0	37.6758 	0	0
DL	633	1	1	1	3	1	48	0	0	12.9584	 	0	0
DL	633	1	3	20	3	1	1027	0	0	36.7032	 	0	0
DL	633	2	2	8	3	1	411	0	0	36.7032	 	0	0
UL	633	6	1	1	1	1	1776	28	0	13.9293 	1	1
DL	634	2	1	1	3	1	1776	28	0	36.7032	 	0	0
UL	634	2	1	1	1	1	1776	28	1	37.6758 	0	0
UL	634	9	1	1	1	1	1157	21	0	37.6758 	0	0
DL	635	2	1	1	3	1	1776	28	0	36.7032	 	0	0
UL	652	4	1	1	1	1	48	0	0	37.6758 	0	0
UL	652	5	1	1	1	1	48	0	0	37.6758 	0	0
DL	653	1	1	1	3	1	48	0	0	12.9584	 	0	0
DL	653	1	3	20	3	1	1027	0	0	36.7032	 	0	0
DL	653	2	2	8	3	1	411	0	0	36.7032	 	0	0
UL	653	6	1	1	1	1	1776	28	0	13.9293 	1	1
DL	654	2	1	1	3	1	1776	28	0	36.7032	 	0	0
UL	654	2	1	1	1	1	1776	28	1	37.6758 	0	0
UL	654	9	1	1	1	1	1157	21	0	37.6758 	0	0
DL	655	2	1	1	3	1	1776	28	0	36.7032	 	0	0
UL	672	4	1	1	1	1	48	0	0	37.6758 	0	0
UL	672	5	1	1	1	1	48	0	0	37.6758 	0	0
DL	673	1	1	1	3	1	48	0	0	12.9584	 	0	0
DL	673	1	3	20	3	1	1027	0	0	36.7032	 	0	0
DL	673	2	2	8	3	1	411	0	0	36.7032	 	0	0
UL	673	6	1	1	1	1	1776	28	0	13.9293 	1	1
DL	674	2	1	1	3	1	1776	28	0	36.7032	 	0	0
UL	674	2	1	1	1	1	1776	28	1	37.6758 	0	0
UL	674	9	1	1	1	1	1157	21	0	37.6758 	0	0
DL	675	2	1	1	3	1	1776	28	0	36.7032	 	0	0
UL	692	4	1	1	1	1	48	0	0	37.6758 	0	0
UL	692	5	1	1	1	1	48	0	0	37.6758 	0	0
DL	693	1	1	1	3	1	48	0	0	12.9584	 	0	0
DL	693	1	3	20	3	1	1027	0	0	36.7032	 	0	0
DL	693	2	2	8	3	1	411	0	0	36.7032	 	0	0
UL	693	6	1	1	1	1	1776	28	0	13.9293 	1	1
DL	694	2	1	1	3	1	1776	28	0	36.7032	 	0	0
UL	694	2	1	1	1	1	1776	28	1	37.6758 	0	0
UL	694	9	1	1	1	1	1157	21	0	37.6758 	0	0
DL	695	2	1	1	3	1	1776	28	0	36.7032	 	0	0
UL	712	4	1	1	1	1	48	0	0	37.6758 	0	0
UL	712	5	1	1	1	1	48	0	0	37.6758 	0	0
DL	713	1	1	1	3	1	48	0	0	12.9584	 	0	0
DL	713	1	3	20	3	1	1027	0	0	36.7032	 	0	0
DL	713	2	2	8	3	1	411	0	0	36.7032	 	0	0
UL	713	6	1	1	1	1	1776	28	0	13.9293 	1	1
DL	714	2	1	1	3	1	1776	28	0	36.7032	 	0	0
UL	714	2	1	1	1	1	1776	28	1	37.6758 	0	0
UL	714	9	1	1	1	1	1157	21	0	37.6758 	0	0
DL	715	2	1	1	3	1	1776	28	0	36.7032	 	0	0
UL	732	4	1	1	1	1	48	0	0	37.6758 	0	0
UL	732	5	1	1	1	1	48	0	0	37.6758 	0	0
DL	733	1	1	1	3	1	48	0	0	12.9584	 	0	0
DL	733	1	3	20	3	1	1027	0	0	36.7032	 	0	0
DL	733	2	2	8	3	1	411	0	0	36.7032	 	0	0
UL	733	6	1	1	1	1	1776	28	0	13.9293 	1	1
DL	734	2	1	1	3	1	1776	28	0	36.7032	 	0	0
UL	734	2	1	1	1	1	1776	28	1	37.6758 	0	0
UL	734	9	1	1	1	1	1157	21	0	37.6758 	0	0
DL	735	2	1	1	3	1	1776	28	0	36.7032	 	0	0
UL	752	4	1	1	1	1	48	0	0	37.6758 	0	0
UL	752	5	1	1	1	1	48	0	0	37.6758 	0	0
DL	753	1	1	1	3	1	48	0	0	12.9584	 	0	0
DL	753	1	3	20	3	1	1027	0	0	36.7032	 	0	0
DL	753	2	2	8	3	1	411	0	0	36.7032	 	0	0
UL	753	6	1	1	1	1	1776	28	0	13.9293 	1	1
DL	754	2	1	1	3	1	1776	28	0	36.7032	 	0	0
UL	754	2	1	1	1	1	1776	28	1	37.6758 	0	0
UL	754	9	1	1	1	1	1157	21	0	37.6758 	0	0
DL	755	2	1	1	3	1	1776	28	0	36.7032	 	0	0
UL	772	4	1	1	1	1	48	0	0	37.6758 	0	0
UL	772	5	1	1	1	1	48	0	0	37.6758 	0	0
DL	773	1	1	1	3	1	48	0	0	12.9584	 	0	0
DL	773	1	3	20	3	1	1027	0	0	36.7032	 	0	0
DL	773	2	2	8	3	1	411	0	0	36.7032	 	0	0
UL	773	6	1	1	1	1	1776	28	0	13.9293 	1	1
DL	774	2	1	1	3	1	1776	28	0	36.7032	 	0	0
UL	774	2	1	1	1	1	1776	28	1	37.6758 	0	0
UL	774	9	1	1	1	1	1157	21	0	37.6758 	0	0
DL	775	2	1	1	3	1	1776	28	0	36.7032	 	0	0
UL	792	4	1	1	1	1	48	0	0	37.6758 	0	0
UL	792	5	1	1	1	1	48	0	0	37.6758 	0	0
DL	793	1	1	1	3	1	48	0	0	12.9584	 	0	0
DL	793	1	3	20	3	1	1027	0	0	36.7032	 	0	0
DL	793	2	2	8	3	1	411	0	0	36.7032	 	0	0
UL	793	6	1	1	1	1	1776	28	0	13.9293 	1	1
DL	794	2	1	1	3	1	1776	28	0	36.7032	 	0	0
UL	794	2	1	1	1	1	1776	28	1	37.6758 	0	0
UL	794	9	1	1	1	1	1157	21	0	37.6758 	0	0
DL	795	2	1	1	3	1	1776	28	0	36.7032	 	0	0
UL	812	4	1	1	1	1	48	0	0	37.6758 	0	0
UL	812	5	1	1	1	1	48	0	0	37.6758 	0	0
DL	813	1	1	1	3	1	48	0	0	12.9584	 	0	0
DL	813	1	3	20	3	1	1027	0	0	36.7032	 	0	0
DL	813	2	2	8	3	1	411	0	0	36.7032	 	0	0
UL	813	6	1	1	1	1	1776	28	0	13.9293 	1	1
DL	814	2	1	1	3	1	1776	28	0	36.7032	 	0	0
UL	814	2	1	1	1	1	1776	28	1	37.6758 	0	0
UL	814	9	1	1	1	1	1157	21	0	37.6758 	0	0
DL	815	2	1	1	3	1	1776	28	0	36.7032	 	0	0
UL	832	4	1	1	1	1	48	0	0	37.6758 	0	0
UL	832	5	1	1	1	1	48	0	0	37.6758 	0	0
DL	833	1	1	1	3	1	48	0	0	12.9584	 	0	0
DL	833	1	3	20	3	1	1027	0	0	36.7032	 	0	0
DL	833	2	2	8	3	1	411	0	0	36.7032	 	0	0
UL	833	6	1	1	1	1	1776	28	0	13.9293 	1	1
DL	834	2	1	1	3	1	1776	28	0	36.7032	 	0	0
UL	834	2	1	1	1	1	1776	28	1	37.6758 	0	0
UL	834	9	1	1	1	1	1157	21	0	37.6758 	0	0
DL	835	2	1	1	3	1	1776	28	0	36.7032	 	0	0
UL	852	4	1	1	1	1	48	0	0	37.6758 	0	0
UL	852	5	1	1	1	1	48	0	0	37.6758 	0	0
DL	853	1	1	1	3	1	48	0	0	12.9584	 	0	0
DL	853	1	3	20	3	1	1027	0	0	36.7032	 	0	0
DL	853	2	2	8	3	1	411	0	0	36.7032	 	0	0
UL	853	6	1	1	1	1	1776	28	0	13.9293 	1	1
DL	854	2	1	1	3	1	1776	28	0	36.7032	 	0	0
UL	854	2	1	1	1	1	1776	28	1	37.6758 	0	0
UL	854	9	1	1	1	1	1157	21	0	37.6758 	0	0
DL	855	2	1	1	3	1	1776	28	0	36.7032	 	0	0
UL	872	4	1	1	1	1	48	0	0	37.6758 	0	0
UL	872	5	1	1	1	1	48	0	0	37.6758 	0	0
DL	873	1	1	1	3	1	48	0	0	12.9584	 	0	0
DL	873	1	3	20	3	1	1027	0	0	36.7032	 	0	0
DL	873	2	2	8	3	1	411	0	0	36.7032	 	0	0
UL	873	6	1	1	1	1	1776	28	0	13.9293 	1	1
DL	874	2	1	1	3	1	1776	28	0	36.7032	 	0	0
UL	874	2	1	1	1	1	1776	28	1	37.6758 	0	0
UL	874	9	1	1	1	1	1157	21	0	37.6758 	0	0
DL	875	2	1	1	3	1	1776	28	0	36.7032	 	0	0
UL	892	4	1	1	1	1	48	0	0	37.6758 	0	0
UL	892	5	1	1	1	1	48	0	0	37.6758 	0	0
DL	893	1	1	1	3	1	48	0	0	12.9584	 	0	0
DL	893	1	3	20	3	1	1027	0	0	36.7032	 	0	0
DL	893	2	2	8	3	1	411	0	0	36.7032	 	0	0
UL	893	6	1	1	1	1	1776	28	0	13.9293 	1	1
DL	894	2	1	1	3	1	1776	28	0	36.7032	 	0	0
UL	894	2	1	1	1	1	1776	28	1	37.6758 	0	0
UL	894	9	1	1	1	1	1157	21	0	37.6758 	0	0
DL	895	2	1	1	3	1	1776	28	0	36.7032	 	0	0
UL	912	4	1	1	1	1	48	0	0	37.6758 	0	0
UL	912	5	1	1	1	1	48	0	0	37.6758 	0	0
DL	913	1	1	1	3	1	48	0	0	12.9584	 	0	0
DL	913	1	3	20	3	1	1027	0	0	36.7032	 	0	0
DL	913	2	2	8	3	1	411	0	0	36.7032	 	0	0
UL	913	6	1	1	1	1	1776	28	0	13.9293 	1	1
DL	914	2	1	1	3	1	1776	28	0	36.7032	 	0	0
UL	914	2	1	1	1	1	1776	28	1	37.6758 	0	0
UL	914	9	1	1	1	1	1157	21	0	37.6758 	0	0
DL	915	2	1	1	3	1	1776	28	0	36.7032	 	0	0
UL	932	4	1	1	1	1	48	0	0	37.6758 	0	0
UL	932	5	1	1	1	1	48	0	0	37.6758 	0	0
DL	933	1	1	1	3	1	48	0	0	12.9584	 	0	0
DL	933	1	3	20	3	1	1027	0	0	36.7032	 	0	0
DL	933	2	2	8	3	1	411	0	0	36.7032	 	0	0
UL	933	6	1	1	1	1	1776	28	0	13.9293 	1	1
DL	934	2	1	1	3	1	1776	28	0	36.7032	 	0	0
UL	934	2	1	1	1	1	1776	28	1	37.6758 	0	0
UL	934	9	1	1	1	1	1157	21	0	37.6758 	0	0
DL	935	2	1	1	3	1	1776	28	0	36.7032	 	0	0
UL	952	4	1	1	1	1	48	0	0	37.6758 	0	0
UL	952	5	1	1	1	1	48	0	0	37.6758 	0	0
DL	953	1	1	1	3	1	48	0	0	12.9584	 	0	0
DL	953	1	3	20	3	1	1027	0	0	36.7032	 	0	0
DL	953	2	2	8	3	1	411	0	0	36.7032	 	0	0
UL	953	6	1	1	1	1	1776	28	0	13.9293 	1	1
DL	954	2	1	1	3	1	1776	28	0	36.7032	 	0	0
UL	954	2	1	1	1	1	1776	28	1	37.6758 	0	0
UL	954	9	1	1	1	1	1157	21	0	37.6758 	0	0
DL	955	2	1	1	3	1	1776	28	0	36.7032	 	0	0
UL	972	4	1	1	1	1	48	0	0	37.6758 	0	0
UL	972	5	1	1	1	1	48	0	0	37.6758 	0	0
DL	973	1	1	1	3	1	48	0	0	12.9584	 	0	0
DL	973	1	3	20	3	1	1027	0	0	36.7032	 	0	0
DL	973	2	2	8	3	1	411	0	0	36.7032	 	0	0
UL	973	6	1	1	1	1	1776	28	0	13.9293 	1	1
DL	974	2	1	1	3	1	1776	28	0	36.7032	 	0	0
UL	974	2	1	1	1	1	1776	28	1	37.6758 	0	0
UL	974	9	1	1	1	1	1157	21	0	37.6758 	0	0
DL	975	2	1	1	3	1	1776	28	0	36.7032	 	0	0
UL	992	4	1	1	1	1	48	0	0	37.6758 	0	0
UL	992	5	1	1	1	1	48	0	0	37.6758 	0	0
DL	993	1	1	1	3	1	48	0	0	12.9584	 	0	0
DL	993	1	3	20	3	1	1027	0	0	36.7032	 	0	0
DL	993	2	2	8	3	1	411	0	0	36.7032	 	0	0
UL	993	6	1	1	1	1	1776	28	0	13.9293 	1	1
DL	994	2	1	1	3	1	1776	28	0	36.7032	 	0	0
UL	994	2	1	1	1	1	1776	28	1	37.6758 	0	0
UL	994	9	1	1	1	1	1157	21	0	37.6758 	0	0
DL	995	2	1	1	3	1	1776	28	0	36.7032	 	0	0
UL	1012	4	1	1	1	1	48	0	0	37.6758 	0	0
UL	1012	5	1	1	1	1	48	0	0	37.6758 	0	0
DL	1013	1	1	1	3	1	48	0	0	12.9584	 	0	0
DL	1013	1	3	20	3	1	1027	0	0	36.7032	 	0	0
DL	1013	2	2	8	3	1	411	0	0	36.7032	 	0	0
UL	1013	6	1	1	1	1	1776	28	0	13.9293 	1	1
DL	1014	2	1	1	3	1	1776	28	0	36.7032	 	0	0
UL	1014	2	1	1	1	1	1776	28	1	37.6758 	0	0
UL	1014	9	1	1	1	1	1157	21	0	37.6758 	0	0
DL	1015	2	1	1	3	1	1776	28	0	36.7032	 	0	0
UL	1032	4	1	1	1	1	48	0	0	37.6758 	0	0
UL	1032	5	1	1	1	1	48	0	0	37.6758 	0	0
DL	1033	1	1	1	3	1	48	0	0	12.9584	 	0	0
DL	1033	1	3	20	3	1	1027	0	0	36.7032	 	0	0
DL	1033	2	2	8	3	1	411	0	0	36.7032	 	0	0
UL	1033	6	1	1	1	1	1776	28	0	13.9293 	1	1
DL	1034	2	1	1	3	1	1776	28	0	36.7032	 	0	0
UL	1034	2	1	1	1	1	1776	28	1	37.6758 	0	0
UL	1034	9	1	1	1	1	1157	21	0	37.6758 	0	0
DL	1035	2	1	1	3	1	1776	28	0	36.7032	 	0	0
UL	1052	4	1	1	1	1	48	0	0	37.6758 	0	0
UL	1052	5	1	1	1	1	48	0	0	37.6758 	0	0
DL	1053	1	1	1	3	1	48	0	0	12.9584	 	0	0
DL	1053	1	3	20	3	1	1027	0	0	36.7032	 	0	0
DL	1053	2	2	8	3	1	411	0	0	36.7032	 	0	0
UL	1053	6	1	1	1	1	1776	28	0	13.9293 	1	1
DL	1054	2	1	1	3	1	1776	28	0	36.7032	 	0	0
UL	1054	2	1	1	1	1	1776	28	1	37.6758 	0	0
UL	1054	9	1	1	1	1	1157	21	0	37.6758 	0	0
DL	1055	2	1	1	3	1	1776	28	0	36.7032	 	0	0
UL	1072	4	1	1	1	1	48	0	0	37.6758 	0	0
UL	1072	5	1	1	1	1	48	0	0	37.6758 	0	0
DL	1073	1	1	1	3	1	48	0	0	12.9584	 	0	0
DL	1073	1	3	20	3	1	1027	0	0	36.7032	 	0	0
DL	1073	2	2	8	3	1	411	0	0	36.7032	 	0	0
UL	1073	6	1	1	1	1	1776	28	0	13.9293 	1	1
DL	1074	2	1	1	3	1	1776	28	0	36.7032	 	0	0
UL	1074	2	1	1	1	1	1776	28	1	37.6758 	0	0
UL	1074	9	1	1	1	1	1157	21	0	37.6758 	0	0
DL	1075	2	1	1	3	1	1776	28	0	36.7032	 	0	0
UL	1092	4	1	1	1	1	48	0	0	37.6758 	0	0
UL	1092	5	1	1	1	1	48	0	0	37.6758 	0	0
DL	1093	1	1	1	3	1	48	0	0	12.9584	 	0	0
DL	1093	1	3	20	3	1	1027	0	0	36.7032	 	0	0
DL	1093	2	2	8	3	1	411	0	0	36.7032	 	0	0
UL	1093	6	1	1	1	1	1776	28	0	13.9293 	1	1
DL	1094	2	1	1	3	1	1776	28	0	36.7032	 	0	0
UL	1094	2	1	1	1	1	1776	28	1	37.6758 	0	0
UL	1094	9	1	1	1	1	1157	21	0	37.6758 	0	0
DL	1095	2	1	1	3	1	1776	28	0	36.7032	 	0	0
UL	1112	4	1	1	1	1	48	0	0	37.6758 	0	0
UL	1112	5	1	1	1	1	48	0	0	37.6758 	0	0
DL	1113	1	1	1	3	1	48	0	0	12.9584	 	0	0
DL	1113	1	3	20	3	1	1027	0	0	36.7032	 	0	0
DL	1113	2	2	8	3	1	411	0	0	36.7032	 	0	0
UL	1113	6	1	1	1	1	1776	28	0	13.9293 	1	1
DL	1114	2	1	1	3	1	1776	28	0	36.7032	 	0	0
UL	1114	2	1	1	1	1	1776	28	1	37.6758 	0	0
UL	1114	9	1	1	1	1	1157	21	0	37.6758 	0	0
DL	1115	2	1	1	3	1	1776	28	0	36.7032	 	0	0
UL	1132	4	1	1	1	1	48	0	0	37.6758 	0	0
UL	1132	5	1	1	1	1	48	0	0	37.6758 	0	0
DL	1133	1	1	1	3	1	48	0	0	12.9584	 	0	0
DL	1133	1	3	20	3	1	1027	0	0	36.7032	 	0	0
DL	1133	2	2	8	3	1	411	0	0	36.7032	 	0	0
UL	1133	6	1	1	1	1	1776	28	0	13.9293 	1	1
DL	1134	2	1	1	3	1	1776	28	0	36.7032	 	0	0
UL	1134	2	1	1	1	1	1776	28	1	37.6758 	0	0
UL	1134	9	1	1	1	1	1157	21	0	37.6758 	0	0
DL	1135	2	1	1	3	1	1776	28	0	36.7032	 	0	0
UL	1152	4	1	1	1	1	48	0	0	37.6758 	0	0
UL	1152	5	1	1	1	1	48	0	0	37.6758 	0	0
DL	1153	1	1	1	3	1	48	0	0	12.9584	 	0	0
DL	1153	1	3	20	3	1	1027	0	0	36.7032	 	0	0
DL	1153	2	2	8	3	1	411	0	0	36.7032	 	0	0
UL	1153	6	1	1	1	1	1776	28	0	13.9293 	1	1
DL	1154	2	1	1	3	1	1776	28	0	36.7032	 	0	0
UL	1154	2	1	1	1	1	1776	28	1	37.6758 	0	0
UL	1154	9	1	1	1	1	1157	21	0	37.6758 	0	0
DL	1155	2	1	1	3	1	1776	28	0	36.7032	 	0	0
UL	1172	4	1	1	1	1	48	0	0	37.6758 	0	0
UL	1172	5	1	1	1	1	48	0	0	37.6758 	0	0
DL	1173	1	1	1	3	1	48	0	0	12.9584	 	0	0
DL	1173	1	3	20	3	1	1027	0	0	36.7032	 	0	0
DL	1173	2	2	8	3	1	411	0	0	36.7032	 	0	0
UL	1173	6	1	1	1	1	1776	28	0	13.9293 	1	1
DL	1174	2	1	1	3	1	1776	28	0	36.7032	 	0	0
UL	1174	2	1	1	1	1	1776	28	1	37.6758 	0	0
UL	1174	9	1	1	1	1	1157	21	0	37.6758 	0	0
DL	1175	2	1	1	3	1	1776	28	0	36.7032	 	0	0
UL	1192	4	1	1	1	1	48	0	0	37.6758 	0	0
UL	1192	5	1	1	1	1	48	0	0	37.6758 	0	0
DL	1193	1	1	1	3	1	48	0	0	12.9584	 	0	0
DL	1193	1	3	20	3	1	1027	0	0	36.7032	 	0	0
DL	1193	2	2	8	3	1	411	0	0	36.7032	 	0	0
UL	1193	6	1	1	1	1	1776	28	0	13.9293 	1	1
DL	1194	2	1	1	3	1	1776	28	0	36.7032	 	0	0
UL	1194	2	1	1	1	1	1776	28	1	37.6758 	0	0
UL	1194	9	1	1	1	1	1157	21	0	37.6758 	0	0
DL	1195	2	1	1	3	1	1776	28	0	36.7032	 	0	0
