0.003812 1 2 3 1 8 408000
0.004208 1 1 1 1 8 804000
0.005008 2 1 2 1 8 0
0.033812 1 1 1 1 2 408000
0.033812 1 1 1 1 7 408000
0.033816 1 2 3 1 2 412000
0.033816 1 2 3 1 7 412000
0.034416 1 1 1 3 26 512000
0.034908 1 2 3 1 2 504000
0.034908 1 2 3 1 2 504000
0.034908 1 2 3 1 7 0
0.034908 1 2 3 1 7 0
0.034912 1 1 1 1 2 508000
0.034912 1 1 1 1 2 508000
0.034912 1 1 1 1 7 0
0.034912 1 1 1 1 7 0
0.035512 1 1 1 3 26 0
0.065708 1 1 1 3 2 504000
0.066108 2 1 2 1 2 404000
0.066108 2 1 2 1 7 404000
0.066708 1 1 1 3 2 504000
0.067208 2 1 2 1 2 504000
0.067208 2 1 2 1 2 504000
0.067208 2 1 2 1 7 0
0.067208 2 1 2 1 7 0
0.303412 2 1 2 3 69 508000
0.303808 3 1 4 1 8 404000
0.304112 1 1 1 3 77 508000
0.304508 2 1 2 3 69 0
0.305208 1 1 1 3 77 0
0.335608 1 1 1 3 2 604000
0.336108 2 1 2 3 2 504000
0.336508 3 1 4 1 2 404000
0.336508 3 1 4 1 7 404000
0.336608 1 1 1 3 2 604000
0.337108 2 1 2 3 2 504000
0.337508 3 1 4 1 2 404000
0.337508 3 1 4 1 2 404000
0.512508 1 1 1 3 2 604000
0.513212 2 1 2 3 2 508000
0.513708 3 1 4 3 2 404000
0.514308 1 1 1 3 2 1204000
0.514408 2 1 2 3 2 504000
0.514908 3 1 4 3 2 404000
0.515008 1 1 1 3 2 604000
0.515908 3 1 4 3 2 404000
0.532508 1 1 1 3 2 604000
0.533212 2 1 2 3 2 508000
0.533708 3 1 4 3 2 404000
0.534308 1 1 1 3 2 1204000
0.534408 2 1 2 3 2 504000
0.534908 3 1 4 3 2 404000
0.535008 1 1 1 3 2 604000
0.535908 3 1 4 3 2 404000
0.552508 1 1 1 3 2 604000
0.553212 2 1 2 3 2 508000
0.553708 3 1 4 3 2 404000
0.554308 1 1 1 3 2 1204000
0.554408 2 1 2 3 2 504000
0.554908 3 1 4 3 2 404000
0.555008 1 1 1 3 2 604000
0.555908 3 1 4 3 2 404000
0.572508 1 1 1 3 2 604000
0.573212 2 1 2 3 2 508000
0.573708 3 1 4 3 2 404000
0.574308 1 1 1 3 2 1204000
0.574408 2 1 2 3 2 504000
0.574908 3 1 4 3 2 404000
0.575008 1 1 1 3 2 604000
0.575908 3 1 4 3 2 404000
0.592508 1 1 1 3 2 604000
0.593212 2 1 2 3 2 508000
0.593708 3 1 4 3 2 404000
0.594308 1 1 1 3 2 1204000
0.594408 2 1 2 3 2 504000
0.594908 3 1 4 3 2 404000
0.595008 1 1 1 3 2 604000
0.595908 3 1 4 3 2 404000
0.612508 1 1 1 3 2 604000
0.613212 2 1 2 3 2 508000
0.613708 3 1 4 3 2 404000
0.614308 1 1 1 3 2 1204000
0.614408 2 1 2 3 2 504000
0.614908 3 1 4 3 2 404000
0.615008 1 1 1 3 2 604000
0.615908 3 1 4 3 2 404000
0.632508 1 1 1 3 2 604000
0.633212 2 1 2 3 2 508000
0.633708 3 1 4 3 2 404000
0.634308 1 1 1 3 2 1204000
0.634408 2 1 2 3 2 504000
0.634908 3 1 4 3 2 404000
0.635008 1 1 1 3 2 604000
0.635908 3 1 4 3 2 404000
0.652508 1 1 1 3 2 604000
0.653212 2 1 2 3 2 508000
0.653708 3 1 4 3 2 404000
0.654308 1 1 1 3 2 1204000
0.654408 2 1 2 3 2 504000
0.654908 3 1 4 3 2 404000
0.655008 1 1 1 3 2 604000
0.655908 3 1 4 3 2 404000
0.672508 1 1 1 3 2 604000
0.673212 2 1 2 3 2 508000
0.673708 3 1 4 3 2 404000
0.674308 1 1 1 3 2 1204000
0.674408 2 1 2 3 2 504000
0.674908 3 1 4 3 2 404000
0.675008 1 1 1 3 2 604000
0.675908 3 1 4 3 2 404000
0.692508 1 1 1 3 2 604000
0.693212 2 1 2 3 2 508000
0.693708 3 1 4 3 2 404000
0.694308 1 1 1 3 2 1204000
0.694408 2 1 2 3 2 504000
0.694908 3 1 4 3 2 404000
0.695008 1 1 1 3 2 604000
0.695908 3 1 4 3 2 404000
0.712508 1 1 1 3 2 604000
0.713212 2 1 2 3 2 508000
0.713708 3 1 4 3 2 404000
0.714308 1 1 1 3 2 1204000
0.714408 2 1 2 3 2 504000
0.714908 3 1 4 3 2 404000
0.715008 1 1 1 3 2 604000
0.715908 3 1 4 3 2 404000
0.732508 1 1 1 3 2 604000
0.733212 2 1 2 3 2 508000
0.733708 3 1 4 3 2 404000
0.734308 1 1 1 3 2 1204000
0.734408 2 1 2 3 2 504000
0.734908 3 1 4 3 2 404000
0.735008 1 1 1 3 2 604000
0.735908 3 1 4 3 2 404000
0.752508 1 1 1 3 2 604000
0.753212 2 1 2 3 2 508000
0.753708 3 1 4 3 2 404000
0.754308 1 1 1 3 2 1204000
0.754408 2 1 2 3 2 504000
0.754908 3 1 4 3 2 404000
0.755008 1 1 1 3 2 604000
0.755908 3 1 4 3 2 404000
0.772508 1 1 1 3 2 604000
0.773212 2 1 2 3 2 508000
0.773708 3 1 4 3 2 404000
0.774308 1 1 1 3 2 1204000
0.774408 2 1 2 3 2 504000
0.774908 3 1 4 3 2 404000
0.775008 1 1 1 3 2 604000
0.775908 3 1 4 3 2 404000
0.792508 1 1 1 3 2 604000
0.793212 2 1 2 3 2 508000
0.793708 3 1 4 3 2 404000
0.794308 1 1 1 3 2 1204000
0.794408 2 1 2 3 2 504000
0.794908 3 1 4 3 2 404000
0.795008 1 1 1 3 2 604000
0.795908 3 1 4 3 2 404000
0.812508 1 1 1 3 2 604000
0.813212 2 1 2 3 2 508000
0.813708 3 1 4 3 2 404000
0.814308 1 1 1 3 2 1204000
0.814408 2 1 2 3 2 504000
0.814908 3 1 4 3 2 404000
0.815008 1 1 1 3 2 604000
0.815908 3 1 4 3 2 404000
0.832508 1 1 1 3 2 604000
0.833212 2 1 2 3 2 508000
0.833708 3 1 4 3 2 404000
0.834308 1 1 1 3 2 1204000
0.834408 2 1 2 3 2 504000
0.834908 3 1 4 3 2 404000
0.835008 1 1 1 3 2 604000
0.835908 3 1 4 3 2 404000
0.852508 1 1 1 3 2 604000
0.853212 2 1 2 3 2 508000
0.853708 3 1 4 3 2 404000
0.854308 1 1 1 3 2 1204000
0.854408 2 1 2 3 2 504000
0.854908 3 1 4 3 2 404000
0.855008 1 1 1 3 2 604000
0.855908 3 1 4 3 2 404000
0.872508 1 1 1 3 2 604000
0.873212 2 1 2 3 2 508000
0.873708 3 1 4 3 2 404000
0.874308 1 1 1 3 2 1204000
0.874408 2 1 2 3 2 504000
0.874908 3 1 4 3 2 404000
0.875008 1 1 1 3 2 604000
0.875908 3 1 4 3 2 404000
0.892508 1 1 1 3 2 604000
0.893212 2 1 2 3 2 508000
0.893708 3 1 4 3 2 404000
0.894308 1 1 1 3 2 1204000
0.894408 2 1 2 3 2 504000
0.894908 3 1 4 3 2 404000
0.895008 1 1 1 3 2 604000
0.895908 3 1 4 3 2 404000
0.912508 1 1 1 3 2 604000
0.913212 2 1 2 3 2 508000
0.913708 3 1 4 3 2 404000
0.914308 1 1 1 3 2 1204000
0.914408 2 1 2 3 2 504000
0.914908 3 1 4 3 2 404000
0.915008 1 1 1 3 2 604000
0.915908 3 1 4 3 2 404000
0.932508 1 1 1 3 2 604000
0.933212 2 1 2 3 2 508000
0.933708 3 1 4 3 2 404000
0.934308 1 1 1 3 2 1204000
0.934408 2 1 2 3 2 504000
0.934908 3 1 4 3 2 404000
0.935008 1 1 1 3 2 604000
0.935908 3 1 4 3 2 404000
0.952508 1 1 1 3 2 604000
0.953212 2 1 2 3 2 508000
0.953708 3 1 4 3 2 404000
0.954308 1 1 1 3 2 1204000
0.954408 2 1 2 3 2 504000
0.954908 3 1 4 3 2 404000
0.955008 1 1 1 3 2 604000
0.955908 3 1 4 3 2 404000
0.972508 1 1 1 3 2 604000
0.973212 2 1 2 3 2 508000
0.973708 3 1 4 3 2 404000
0.974308 1 1 1 3 2 1204000
0.974408 2 1 2 3 2 504000
0.974908 3 1 4 3 2 404000
0.975008 1 1 1 3 2 604000
0.975908 3 1 4 3 2 404000
0.992508 1 1 1 3 2 604000
0.993212 2 1 2 3 2 508000
0.993708 3 1 4 3 2 404000
0.994308 1 1 1 3 2 1204000
0.994408 2 1 2 3 2 504000
0.994908 3 1 4 3 2 404000
0.995008 1 1 1 3 2 604000
0.995908 3 1 4 3 2 404000
1.01251 1 1 1 3 2 604000
1.01321 2 1 2 3 2 508000
1.01371 3 1 4 3 2 404000
1.01431 1 1 1 3 2 1204000
1.01441 2 1 2 3 2 504000
1.01491 3 1 4 3 2 404000
1.01501 1 1 1 3 2 604000
1.01591 3 1 4 3 2 404000
1.03251 1 1 1 3 2 604000
1.03321 2 1 2 3 2 508000
1.03371 3 1 4 3 2 404000
1.03431 1 1 1 3 2 1204000
1.03441 2 1 2 3 2 504000
1.03491 3 1 4 3 2 404000
1.03501 1 1 1 3 2 604000
1.03591 3 1 4 3 2 404000
1.05251 1 1 1 3 2 604000
1.05321 2 1 2 3 2 508000
1.05371 3 1 4 3 2 404000
1.05431 1 1 1 3 2 1204000
1.05441 2 1 2 3 2 504000
1.05491 3 1 4 3 2 404000
1.05501 1 1 1 3 2 604000
1.05591 3 1 4 3 2 404000
1.07251 1 1 1 3 2 604000
1.07321 2 1 2 3 2 508000
1.07371 3 1 4 3 2 404000
1.07431 1 1 1 3 2 1204000
1.07441 2 1 2 3 2 504000
1.07491 3 1 4 3 2 404000
1.07501 1 1 1 3 2 604000
1.07591 3 1 4 3 2 404000
1.09251 1 1 1 3 2 604000
1.09321 2 1 2 3 2 508000
1.09371 3 1 4 3 2 404000
1.09431 1 1 1 3 2 1204000
1.09441 2 1 2 3 2 504000
1.09491 3 1 4 3 2 404000
1.09501 1 1 1 3 2 604000
1.09591 3 1 4 3 2 404000
1.11251 1 1 1 3 2 604000
1.11321 2 1 2 3 2 508000
1.11371 3 1 4 3 2 404000
1.11431 1 1 1 3 2 1204000
1.11441 2 1 2 3 2 504000
1.11491 3 1 4 3 2 404000
1.11501 1 1 1 3 2 604000
1.11591 3 1 4 3 2 404000
1.13251 1 1 1 3 2 604000
1.13321 2 1 2 3 2 508000
1.13371 3 1 4 3 2 404000
1.13431 1 1 1 3 2 1204000
1.13441 2 1 2 3 2 504000
1.13491 3 1 4 3 2 404000
1.13501 1 1 1 3 2 604000
1.13591 3 1 4 3 2 404000
1.15251 1 1 1 3 2 604000
1.15321 2 1 2 3 2 508000
1.15371 3 1 4 3 2 404000
1.15431 1 1 1 3 2 1204000
1.15441 2 1 2 3 2 504000
1.15491 3 1 4 3 2 404000
1.15501 1 1 1 3 2 604000
1.15591 3 1 4 3 2 404000
1.17251 1 1 1 3 2 604000
1.17321 2 1 2 3 2 508000
1.17371 3 1 4 3 2 404000
1.17431 1 1 1 3 2 1204000
1.17441 2 1 2 3 2 504000
1.17491 3 1 4 3 2 404000
1.17501 1 1 1 3 2 604000
1.17591 3 1 4 3 2 404000
1.19251 1 1 1 3 2 604000
1.19321 2 1 2 3 2 508000
1.19371 3 1 4 3 2 404000
1.19431 1 1 1 3 2 1204000
1.19441 2 1 2 3 2 504000
1.19491 3 1 4 3 2 404000
1.19501 1 1 1 3 2 604000
1.19591 3 1 4 3 2 404000
